;--------MEBT of SNS linac------------
FREQ 402.5 
;SET_SIZE_MAX  0.00005 45 7 7  0
Drift 97.5 15 0
;MATCH_FAM_GRAD 1 0
QUAD 61 34.636 15
Drift 84 15 0
;MATCH_FAM_GRAD 1 0
QUAD 61 -37.85 15
Drift 84 15 0
;MATCH_FAM_GRAD 1 0
QUAD 61 28.326 15
Drift 29.5 15 0
;----buncher----
SET_SYNC_PHASE
;field_map  400 100.0 -90 15 2.31 2.31 0 0 buncher1.5
field_map  400 100.0 -90 15 1.7 1.7 0 0 buncher1
;Drift 35 15 0
;GAP 75000 -90 15 0
;Drift 35 15 0
;----------------
Drift 29.5 15 0
;MATCH_FAM_GRAD 1 0
QUAD 61 -17.69 15
Drift 114.5 15 0
Drift 175 15 0
Drift 175 15 0
Drift 105 15 0
;----buncher----
SET_SYNC_PHASE
;field_map  400 100.0 -90 18 1.36 1.36 0 0 buncher1.8
field_map  400 100.0 -90 18 1.05 1.05 0 0 buncher1
;Drift 35 15 0
;GAP 45000 -90 15 0
;Drift 35 15 0
;----------------
Drift 27 15 0
QUAD 66 17 15
Drift 34 15 0
QUAD 66 -26.2 15
Drift 34 15 0
QUAD 66 11.7 15
Drift 137 15 0
Drift 137 15 0
QUAD 66 11.7 15
Drift 34 15 0
QUAD 66 -26.2 15
Drift 34 15 0
QUAD 66 17 15
Drift 27 15 0
;----buncher----
MATCH_FAM_field 1 0
SET_SYNC_PHASE
;field_map  400 100.0 -90 18 1.50 1.50 0 0 buncher1.8
field_map 400 100.0 -90 18 1.05 1.05 0 0 buncher1
;Drift 35 15 0
;GAP 45772.980 -90 15 0
;Drift 35 15 0
;----------------
Drift 105 15 0
Drift 175 15 0
Drift 175 15 0
Drift 119.5 15 0
MATCH_FAM_GRAD 1 0
QUAD 61 -16.63 15
Drift 89 15 0
MATCH_FAM_GRAD 1 0
QUAD 61 29.02 15
Drift 24.5 15 0
;----buncher----
MATCH_FAM_field 1 0
SET_SYNC_PHASE
;field_map  400 100.0 -90 15 2.9 2.9 0 0 buncher1.5
field_map  400 100.0 -90 15 2.15 2.15 0 0 buncher1
;Drift 35 15 0
;GAP 94100 -90 15 0
;Drift 35 15 0
;----------------
Drift 24.5 15 0
MATCH_FAM_GRAD 1 0
QUAD 61 -26.1 15
Drift 84 15 0
MATCH_FAM_GRAD 1 0
QUAD 61 10.44 15
Drift 194.5 15 0
set_twiss 1  -0.3304457946 0.9266784422   -0.2006850058 0.2478551996  0.3129091787    0.6344029693  0 0 0 0 0 0 
Drift 0.0000001 15 0
QUAD 17.5 37.182188 12.5

lattice 6 1
DTL_CEL	54.326	17.5	0	0.062	37.182188	0	35839.95247	-45	12.5	0
DTL_CEL	54.601	0	17.5	0.064	0	-37.178036	36965.79724	-45.34	12.5	0
DTL_CEL	54.894	17.5	17.5	0.066	-37.178036	-37.16915	38128.4583	-45.643	12.5	0
DTL_CEL	55.21	17.5	0	0.067	-37.16915	0	39329.71771	-45.822	12.5	0
DTL_CEL	55.511	0	17.5	0.069	0	37.16788	40543.83395	-45.874	12.5	0
DTL_CEL	55.821	17.5	17.5	0.071	37.16788	37.166054	41791.96635	-45.886	12.5	0
DTL_CEL	56.14	17.5	0	0.073	37.166054	0	43075.28085	-45.828	12.5	0
DTL_CEL	56.468	0	17.5	0.075	0	-37.163963	44388.30126	-45.713	12.5	0
DTL_CEL	56.806	17.5	17.5	0.078	-37.163963	-37.159041	45743.16774	-45.513	12.5	0
DTL_CEL	57.154	17.5	0	0.08	-37.159041	0	47134.64852	-45.24	12.5	0
DTL_CEL	57.512	0	17.5	0.082	0	37.1551	48564.12785	-44.895	12.5	0
DTL_CEL	57.88	17.5	17.5	0.084	37.1551	37.152437	50040.20287	-44.467	12.5	0
DTL_CEL	58.259	17.5	0	0.086	37.152437	0	51558.41945	-43.969	12.5	0
DTL_CEL	58.648	0	17.5	0.089	0	-37.149749	53123.16857	-43.401	12.5	0
DTL_CEL	59.049	17.5	17.5	0.091	-37.149749	-37.149058	54734.46399	-42.784	12.5	0
DTL_CEL	59.46	17.5	0	0.094	-37.149058	0	56399.56475	-42.12	12.5	0
DTL_CEL	59.884	0	17.5	0.096	0	37.145492	58115.76777	-41.437	12.5	0
DTL_CEL	60.319	17.5	17.5	0.099	37.145492	37.145352	59890.58312	-40.729	12.5	0
DTL_CEL	60.766	17.5	0	0.101	37.145352	0	61719.24388	-40.03	12.5	0
DTL_CEL	61.225	0	17.5	0.104	0	-37.144579	63611.30822	-39.35	12.5	0
DTL_CEL	61.697	17.5	17.5	0.107	-37.144579	-37.142519	65561.78546	-38.695	12.5	0
DTL_CEL	62.182	17.5	0	0.11	-37.142519	0	67580.47397	-38.093	12.5	0
DTL_CEL	62.68	0	17.5	0.112	0	37.141221	69669.14284	-37.551	12.5	0
DTL_CEL	63.191	17.5	17.5	0.115	37.141221	37.140049	71821.61093	-37.067	12.5	0
DTL_CEL	63.716	17.5	0	0.118	37.140049	0	74048.7311	-36.662	12.5	0
DTL_CEL	64.255	0	17.5	0.121	0	-37.138169	76352.45623	-36.328	12.5	0
DTL_CEL	64.808	17.5	17.5	0.124	-37.138169	-37.135965	78730.43589	-36.07	12.5	0
DTL_CEL	65.376	17.5	0	0.128	-37.135965	0	81185.45977	-35.884	12.5	0
DTL_CEL	65.959	0	17.5	0.131	0	37.131231	83723.69994	-35.773	12.5	0
DTL_CEL	66.556	17.5	17.5	0.134	37.131231	37.130444	86345.86776	-35.722	12.5	0
DTL_CEL	67.17	17.5	0	0.137	37.130444	0	89057.67813	-35.717	12.5	0
DTL_CEL	67.799	0	17.5	0.141	0	-37.129957	91858.76457	-35.743	12.5	0
DTL_CEL	68.444	17.5	17.5	0.144	-37.129957	-37.129753	94747.94586	-35.796	12.5	0
DTL_CEL	69.106	17.5	0	0.148	-37.129753	0	97738.14708	-35.845	12.5	0
DTL_CEL	69.785	0	17.5	0.152	0	37.127321	100827.3718	-35.884	12.5	0
DTL_CEL	70.48	17.5	17.5	0.155	37.127321	37.126323	104016.7073	-35.906	12.5	0
DTL_CEL	71.194	17.5	0	0.159	37.126323	0	107313.2881	-35.874	12.5	0
DTL_CEL	71.925	0	17.5	0.163	0	-37.125312	110717.1563	-35.793	12.5	0
DTL_CEL	72.675	17.5	17.5	0.167	-37.125312	-37.124167	114239.5644	-35.644	12.5	0
DTL_CEL	73.443	17.5	0	0.171	-37.124167	0	117882.509	-35.426	12.5	0
DTL_CEL	74.229	0	17.5	0.175	0	37.123408	121644.159	-35.129	12.5	0
DTL_CEL	75.035	17.5	17.5	0.179	37.123408	37.123036	125531.2225	-34.76	12.5	0
DTL_CEL	75.861	17.5	0	0.184	37.123036	0	129558.1302	-34.312	12.5	0
DTL_CEL	76.708	0	17.5	0.188	0	-37.121122	133719.4435	-33.799	12.5	0
DTL_CEL	77.575	17.5	17.5	0.193	-37.121122	-37.116327	138028.1249	-33.229	12.5	0
DTL_CEL	78.463	17.5	0	0.197	-37.116327	0	142478.1973	-32.609	12.5	0
DTL_CEL	79.373	0	17.5	0.202	0	37.111381	147086.1897	-31.949	12.5	0
DTL_CEL	80.305	17.5	17.5	0.207	37.111381	37.108946	151849.7442	-31.27	12.5	0
DTL_CEL	81.258	17.5	0	0.212	37.108946	0	156769.5967	-30.587	12.5	0
DTL_CEL	82.235	0	17.5	0.217	0	-37.107512	161860.2489	-29.907	12.5	0
DTL_CEL	83.233	17.5	17.5	0.222	-37.107512	-37.105765	167112.0789	-29.252	12.5	0
DTL_CEL	84.255	17.5	0	0.227	-37.105765	0	172539.1267	-28.633	12.5	0
DTL_CEL	85.3	0	17.5	0.232	0	37.105182	178141.24	-28.058	12.5	0
DTL_CEL	86.369	17.5	17.5	0.237	37.105182	37.103091	183915.1629	-27.543	12.5	0
DTL_CEL	87.462	17.5	0	0.242	37.103091	0	189875.1868	-27.083	12.5	0
DTL_CEL	88.579	0	17.5	0.248	0	-37.101047	196015.3958	-26.686	12.5	0
DTL_CEL	89.721	17.5	17.5	0.253	-37.101047	-37.100278	202338.3456	-26.355	12.5	0
DTL_CEL	90.189	17.5	0	0.251	-37.100278	0	207223.5858	-27.477	12.5	0
DTL_CEL	91.333	0	17.5	0.25	0	37.100009	213737.3209	-30.01	12.5	0
DTL_CEL	92.467	17.5	17.5	0.247	37.100009	37.099654	220323.6873	-32.606	12.5	0

;------T cell---------
DTL_CEL	93.162	17.5	0	0	37.099654	0	0	-33.403	12.5	0
;------T cell---------
;-------DTL TANK two------------
DTL_CEL	95.205	0	17.5	0.254	0	-37.099051	229506.1312	-33.403	12.5	0
DTL_CEL	96.393	17.5	17.5	0.267	-37.099051	-37.096306	233811.5943	-29.943	12.5	0
DTL_CEL	97.382	17.5	0	0.277	-37.096306	0	237698.3136	-27.023	12.5	0
DTL_CEL	98.143	0	17.5	0.28	0	37.093377	241068.891	-25.566	12.5	0
DTL_CEL	99.258	17.5	17.5	0.283	37.093377	37.093207	245345.3857	-25.359	12.5	0
DTL_CEL	100.552	17.5	0	0.285	37.093207	0	250110.8538	-25.44	12.5	0
DTL_CEL	101.813	0	17.5	0.287	0	-37.093013	254826.6305	-25.567	12.5	0
DTL_CEL	103.078	17.5	17.5	0.289	-37.093013	-37.092945	259599.3281	-25.802	12.5	0
DTL_CEL	104.399	17.5	0	0.29	-37.092945	0	264551.7573	-26.064	12.5	0
DTL_CEL	105.726	0	17.5	0.292	0	37.092781	269568.0928	-26.247	12.5	0
DTL_CEL	107.061	17.5	17.5	0.293	37.092781	37.092618	274636.2526	-26.358	12.5	0
DTL_CEL	108.402	17.5	0	0.295	37.092618	0	279769.2378	-26.387	12.5	0
DTL_CEL	109.75	0	17.5	0.296	0	-37.092372	284961.4296	-26.344	12.5	0
DTL_CEL	111.105	17.5	17.5	0.298	-37.092372	-37.091453	290222.1101	-26.233	12.5	0
DTL_CEL	112.467	17.5	0	0.3	-37.091453	0	295542.9545	-26.052	12.5	0
DTL_CEL	113.835	0	17.5	0.301	0	37.090496	300921.2727	-25.825	12.5	0
DTL_CEL	115.209	17.5	17.5	0.302	37.090496	37.089729	306357.623	-25.556	12.5	0
DTL_CEL	116.59	17.5	0	0.304	37.089729	0	311863.7408	-25.254	12.5	0
DTL_CEL	117.977	0	17.5	0.305	0	-37.089583	317427.3199	-24.94	12.5	0
DTL_CEL	119.37	17.5	17.5	0.307	-37.089583	-37.089164	323048.5583	-24.62	12.5	0
DTL_CEL	120.77	17.5	0	0.308	-37.089164	0	328739.2433	-24.314	12.5	0
DTL_CEL	122.176	0	17.5	0.31	0	37.08865	334486.4871	-24.026	12.5	0
DTL_CEL	123.589	17.5	17.5	0.311	37.08865	37.087658	340292.014	-23.77	12.5	0
DTL_CEL	125.008	17.5	0	0.313	37.087658	0	346163.1963	-23.548	12.5	0
DTL_CEL	126.433	0	17.5	0.314	0	-37.087577	352088.8927	-23.375	12.5	0
DTL_CEL	127.865	17.5	17.5	0.315	-37.087577	-37.086705	358081.5025	-23.25	12.5	0
DTL_CEL	129.303	17.5	0	0.317	-37.086705	0	364116.3658	-23.175	12.5	0
DTL_CEL	130.747	0	17.5	0.318	0	37.081953	370224.8709	-23.158	12.5	0
DTL_CEL	132.198	17.5	17.5	0.32	37.081953	37.080853	376375.8004	-23.192	12.5	0
DTL_CEL	133.654	17.5	0	0.321	37.080853	0	382585.2602	-23.282	12.5	0
DTL_CEL	135.116	0	17.5	0.322	0	-37.080608	388855.4755	-23.419	12.5	0
DTL_CEL	136.585	17.5	17.5	0.324	-37.080608	-37.080485	395165.3271	-23.596	12.5	0
DTL_CEL	138.059	17.5	0	0.325	-37.080485	0	401542.8907	-23.817	12.5	0
DTL_CEL	139.538	0	17.5	0.326	0	37.079024	407952.2905	-24.069	12.5	0
DTL_CEL	141.024	17.5	17.5	0.327	37.079024	37.078817	414422.2814	-24.344	12.5	0
DTL_CEL	142.515	17.5	0	0.329	37.078817	0	420946.1414	-24.63	12.5	0
DTL_CEL	144.012	0	17.5	0.33	0	-37.078445	427501.7833	-24.929	12.5	0
DTL_CEL	145.515	17.5	17.5	0.331	-37.078445	-37.076606	434125.2368	-25.222	12.5	0
DTL_CEL	147.022	17.5	0	0.332	-37.076606	0	440772.6644	-25.507	12.5	0
DTL_CEL	148.536	0	17.5	0.334	0	37.074358	447490.2776	-25.771	12.5	0
DTL_CEL	150.055	17.5	17.5	0.335	37.074358	37.074239	454232.9859	-26.012	12.5	0
DTL_CEL	151.579	17.5	0	0.336	37.074239	0	461025.2498	-26.22	12.5	0
DTL_CEL	153.108	0	17.5	0.337	0	-37.074205	467866.8592	-26.388	12.5	0
DTL_CEL	154.643	17.5	17.5	0.338	-37.074205	-37.073166	474746.3761	-26.515	12.5	0
DTL_CEL	156.182	17.5	0	0.339	-37.073166	0	481657.3075	-26.598	12.5	0
DTL_CEL	156.676	0	17.5	0.333	0	37.072624	485361.1568	-27.837	12.5	0
DTL_CEL	158.177	17.5	17.5	0.327	37.072624	37.071838	492170.7596	-30.207	12.5	0
DTL_CEL	159.646	17.5	17.5	0.32	37.071838	0	497653.1134	-32.523	12.5	0
;-----------T cell-----------
DTL_CEL	159.7205	0	17.5	0	0	-37.071177	0	-32.431	12.5	0
;--------DTL TANK 3-------------------------
DTL_CEL	163.765	17.5	17.5	0.296	-37.071177	-37.068425	487072.7438	-32.431	12.5	0
DTL_CEL	165.168	17.5	0	0.308	-37.068425	0	491399.4177	-28.679	12.5	0
DTL_CEL	166.197	0	17.5	0.316	0	37.066351	494606.1062	-25.467	12.5	0
DTL_CEL	166.82	17.5	17.5	0.319	37.066351	37.063513	496593.2431	-23.708	12.5	0
DTL_CEL	167.868	17.5	0	0.319	37.063513	0	499830.9859	-23.382	12.5	0
DTL_CEL	169.343	0	17.5	0.318	0	-37.061368	504324.6467	-23.549	12.5	0
DTL_CEL	170.816	17.5	17.5	0.318	-37.061368	-37.060704	508796.6963	-23.745	12.5	0
DTL_CEL	172.287	17.5	0	0.317	-37.060704	0	513246.8054	-23.966	12.5	0
DTL_CEL	173.755	0	17.5	0.316	0	37.059474	517671.671	-24.206	12.5	0
DTL_CEL	175.221	17.5	17.5	0.316	37.059474	37.058834	522073.9981	-24.456	12.5	0
DTL_CEL	176.684	17.5	0	0.315	37.058834	0	526450.5276	-24.719	12.5	0
DTL_CEL	178.144	0	17.5	0.314	0	-37.05835	530801.0058	-24.982	12.5	0
DTL_CEL	179.603	17.5	17.5	0.314	-37.05835	-37.053234	535131.1587	-25.241	12.5	0
DTL_CEL	181.058	17.5	0	0.313	-37.053234	0	539431.8092	-25.493	12.5	0
DTL_CEL	182.511	0	17.5	0.312	0	37.046054	543708.6919	-25.731	12.5	0
DTL_CEL	183.961	17.5	17.5	0.312	37.046054	37.045257	547958.6039	-25.951	12.5	0
DTL_CEL	185.408	17.5	0	0.311	37.045257	0	552181.3163	-26.15	12.5	0
DTL_CEL	186.852	0	17.5	0.31	0	-37.04507	556376.5934	-26.326	12.5	0
DTL_CEL	188.293	17.5	17.5	0.309	-37.04507	-37.043721	560544.193	-26.472	12.5	0
DTL_CEL	189.732	17.5	0	0.309	-37.043721	0	564686.848	-26.587	12.5	0
DTL_CEL	191.167	0	17.5	0.308	0	37.042543	568798.3337	-26.673	12.5	0
DTL_CEL	192.599	17.5	17.5	0.307	37.042543	37.04052	572881.3534	-26.727	12.5	0
DTL_CEL	194.029	17.5	0	0.306	37.04052	0	576938.5904	-26.75	12.5	0
DTL_CEL	195.455	0	17.5	0.305	0	-37.040445	580963.7896	-26.743	12.5	0
DTL_CEL	196.877	17.5	17.5	0.305	-37.040445	-37.038466	584956.6364	-26.704	12.5	0
DTL_CEL	198.297	17.5	0	0.304	-37.038466	0	588922.7523	-26.641	12.5	0
DTL_CEL	199.713	0	17.5	0.303	0	37.036184	592855.8772	-26.554	12.5	0
DTL_CEL	201.127	17.5	17.5	0.302	37.036184	37.033973	596761.6041	-26.445	12.5	0
DTL_CEL	202.536	17.5	0	0.301	37.033973	0	600630.703	-26.319	12.5	0
DTL_CEL	203.943	0	17.5	0.3	0	-37.031947	604471.7564	-26.178	12.5	0
DTL_CEL	205.346	17.5	17.5	0.3	-37.031947	-37.031657	608278.5038	-26.026	12.5	0
DTL_CEL	205.158	17.5	0	0.294	-37.031657	0	607352.4607	-27.257	12.5	0
DTL_CEL	206.505	0	17.5	0.285	0	37.031545	610958.4767	-29.85	12.5	0
DTL_CEL	207.814	17.5	17.5	0.277	37.031545	37.031303	614440.3941	-32.431	12.5	0
;------------T cell-----------
DTL_CEL	209.0715	17.5	0	0	37.031303	0	0	-31.694	12.5	0
;--------DTL TANK 4-------------------------
DTL_CEL	212.653	0	17.5	0.276	0	-37.030193	625000.8177	-31.694	12.5	0
DTL_CEL	213.977	17.5	17.5	0.285	-37.030193	-37.026906	628698.7764	-28.203	12.5	0
DTL_CEL	214.847	17.5	0	0.292	-37.026906	0	631035.213	-25.179	12.5	0
DTL_CEL	215.236	0	17.5	0.294	0	37.025925	631932.5781	-23.455	12.5	0
DTL_CEL	216.12	17.5	17.5	0.294	37.025925	37.024512	634259.5442	-23.017	12.5	0
DTL_CEL	217.499	17.5	0	0.293	37.024512	0	638015.9828	-23.026	12.5	0
DTL_CEL	218.873	0	17.5	0.292	0	-37.023589	641733.963	-23.064	12.5	0
DTL_CEL	220.245	17.5	17.5	0.291	-37.023589	-37.021235	645422.1507	-23.132	12.5	0
DTL_CEL	221.612	17.5	0	0.29	-37.021235	0	649071.66	-23.228	12.5	0
DTL_CEL	222.975	0	17.5	0.289	0	37.017393	652685.3416	-23.353	12.5	0
DTL_CEL	224.335	17.5	17.5	0.288	37.017393	37.016647	656266.0888	-23.501	12.5	0
DTL_CEL	225.691	17.5	0	0.287	37.016647	0	659810.934	-23.674	12.5	0
DTL_CEL	227.043	0	17.5	0.287	0	-37.015673	663319.8885	-23.866	12.5	0
DTL_CEL	228.392	17.5	17.5	0.286	-37.015673	-37.014631	666795.852	-24.077	12.5	0
DTL_CEL	229.736	17.5	0	0.285	-37.014631	0	670233.0306	-24.302	12.5	0
DTL_CEL	231.077	0	17.5	0.284	0	37.012877	673637.2938	-24.538	12.5	0
DTL_CEL	232.414	17.5	17.5	0.283	37.012877	37.010973	677005.7389	-24.782	12.5	0
DTL_CEL	233.746	17.5	0	0.282	37.010973	0	680335.5152	-25.03	12.5	0
DTL_CEL	235.075	0	17.5	0.281	0	-37.009845	683632.4732	-25.279	12.5	0
DTL_CEL	236.399	17.5	17.5	0.279	-37.009845	-37.009518	686890.8215	-25.526	12.5	0
DTL_CEL	237.719	17.5	0	0.278	-37.009518	0	690113.5152	-25.769	12.5	0
DTL_CEL	239.034	0	17.5	0.277	0	37.009055	693297.6725	-26.001	12.5	0
DTL_CEL	240.345	17.5	17.5	0.276	37.009055	37.008286	696446.1906	-26.223	12.5	0
DTL_CEL	241.653	17.5	0	0.275	37.008286	0	699561.9545	-26.431	12.5	0
DTL_CEL	242.955	0	17.5	0.274	0	-37.005557	702636.2497	-26.624	12.5	0
DTL_CEL	242.389	17.5	17.5	0.27	-37.005557	-37.004144	700289.5217	-28.175	12.5	0
DTL_CEL	243.639	17.5	0	0.262	-37.004144	0	703185.627	-31.064	12.5	0
DTL_CEL	244.854	0	17.5	0.254	0	36.993248	705977.7004	-33.92	12.5	0

;-----------T cell-----------
DTL_CEL	246.182	17.5	17.5	0	36.998861	36.993248	0	0	12.5	0
;-----------DTL TANK 5---------
DTL_CEL	250.21	17.5	0	0.251	36.993248	0	717092.2452	-31.657	12.5	0
DTL_CEL	251.436	0	17.5	0.259	0	-36.991514	719997.8194	-28.433	12.5	0
DTL_CEL	252.12	17.5	17.5	0.266	-36.991514	-36.991164	721330.0781	-25.655	12.5	0
DTL_CEL	252.241	17.5	0	0.268	-36.991164	0	721038.9959	-24.152	12.5	0
DTL_CEL	252.939	0	17.5	0.268	0	36.98957	722394.0702	-23.905	12.5	0
DTL_CEL	254.214	17.5	17.5	0.267	36.98957	36.98819	725396.0529	-24.081	12.5	0
DTL_CEL	255.484	17.5	0	0.266	36.98819	0	728381.9649	-24.26	12.5	0
DTL_CEL	256.75	0	17.5	0.265	0	-36.987945	731354.7418	-24.445	12.5	0
DTL_CEL	258.012	17.5	17.5	0.264	-36.987945	-36.98037	734314.4815	-24.631	12.5	0
DTL_CEL	259.269	17.5	0	0.263	-36.98037	0	737258.4189	-24.817	12.5	0
DTL_CEL	260.522	0	17.5	0.262	0	36.979318	740189.4514	-25.004	12.5	0
DTL_CEL	261.77	17.5	17.5	0.261	36.979318	36.973	743104.8263	-25.187	12.5	0
DTL_CEL	263.014	17.5	0	0.26	36.973	0	746007.4242	-25.367	12.5	0
DTL_CEL	264.253	0	17.5	0.258	0	-36.971739	748894.4469	-25.543	12.5	0
DTL_CEL	265.488	17.5	17.5	0.257	-36.971739	-36.966896	751768.7964	-25.712	12.5	0
DTL_CEL	266.719	17.5	0	0.256	-36.966896	0	754630.4667	-25.875	12.5	0
DTL_CEL	267.945	0	17.5	0.255	0	36.963929	757476.6814	-26.03	12.5	0
DTL_CEL	269.166	17.5	17.5	0.254	36.963929	36.963654	760307.4576	-26.175	12.5	0
DTL_CEL	270.384	17.5	0	0.253	36.963654	0	763128.4452	-26.312	12.5	0
DTL_CEL	271.596	0	17.5	0.252	0	-36.959985	765931.2033	-26.439	12.5	0
DTL_CEL	272.805	17.5	17.5	0.251	-36.959985	-36.958895	768724.1936	-26.557	12.5	0
DTL_CEL	271.443	17.5	0	0.247	-36.958895	0	764276.9323	-28.352	12.5	0
DTL_CEL	272.595	0	17.5	0.238	0	36.952932	766927.4257	-31.805	12.5	0
DTL_CEL	273.704	17.5	17.5	0.229	36.952932	36.952373	769475.5607	-35.233	12.5	0

;-----------T cell--------
DTL_CEL	275.371	17.5	0	0.0	36.952373	0	0	-34.019	12.5       0
;----------DTL TANK 6---------
DTL_CEL	279.722	0	17.5	0.218	0	-36.95147	761368.2041	-34.019	12.5	0
DTL_CEL	280.801	17.5	17.5	0.225	-36.95147	-36.946808	763758.3764	-30.994	12.5	0
DTL_CEL	281.316	17.5	0	0.231	-36.946808	0	764613.3754	-28.381	12.5	0
DTL_CEL	280.914	0	17.5	0.234	0	36.944781	762984.2046	-27.159	12.5	0
DTL_CEL	281.438	17.5	17.5	0.233	36.944781	36.942676	763888.6766	-27.317	12.5	0
DTL_CEL	282.554	17.5	0	0.231	36.942676	0	766420.5662	-27.867	12.5	0
DTL_CEL	283.662	0	17.5	0.229	0	-36.941617	768950.7947	-28.425	12.5	0
DTL_CEL	284.76	17.5	17.5	0.227	-36.941617	-36.939144	771473.8535	-28.989	12.5	0
DTL_CEL	285.85	17.5	0	0.225	-36.939144	0	773995.0459	-29.561	12.5	0
DTL_CEL	286.932	0	17.5	0.223	0	36.937673	776514.2398	-30.138	12.5	0
DTL_CEL	288.005	17.5	17.5	0.221	36.937673	36.930323	779028.5772	-30.722	12.5	0
DTL_CEL	289.069	17.5	0	0.219	36.930323	0	781537.8985	-31.31	12.5	0
DTL_CEL	290.125	0	17.5	0.218	0	-36.925459	784044.7358	-31.904	12.5	0
DTL_CEL	291.172	17.5	17.5	0.216	-36.925459	-36.916736	786546.2034	-32.5	12.5	0
DTL_CEL	292.21	17.5	0	0.214	-36.916736	0	789042.0783	-33.1	12.5	0
DTL_CEL	293.24	0	17.5	0.212	0	36.915435	791534.8577	-33.701	12.5	0
DTL_CEL	294.261	17.5	17.5	0.21	36.915435	36.905936	794021.6071	-34.304	12.5	0
lattice_end
DTL_CEL	295.273	17.5	0	0.208	36.905936	0	796502.0828	-34.905	12.5	0
DTL_CEL	294.008	0	17.5	0.204	0	-36.896246	792859.8498	-36.883	12.5	0
DTL_CEL	294.962	17.5	17.5	0.195	-36.896246	-36.893266	795225.8603	-40.222	12.5	0
DTL_CEL	294.99	17.5	0	0.184	-36.893266	0	795119.1436	-44.079	12.5	0
DTL_CEL	295.833	0	17.5	0.17	0	0	797233.3293	-48.447	12.5	0

;-------CCL of SNS linac------------
FREQ 805 
;------CCL TANK one----------
lattice 22 1
DRIFT  9.5195   15.00000 
MATCH_FAM_GRAD 2 0
QUAD   60.75000   42.34000   15.00000
DRIFT   25.25650   15.00000 
DTL_CEL   75.22300    0.00000    0.00000   -0.16300    0.00000    0.00000 202969.14870  -30.92300   15.00000    0.00000
DTL_CEL   75.22300    0.00000    0.00000    0.00000    0.00000    0.00000 204322.98250  -30.06900   15.00000    0.00000
DTL_CEL   75.22300    0.00000    0.00000    0.00000    0.00000    0.00000 204333.78950  -29.76300   15.00000    0.00000
DTL_CEL   75.22300    0.00000    0.00000    0.00000    0.00000    0.00000 204344.57130  -29.62100   15.00000    0.00000
DTL_CEL   75.22300    0.00000    0.00000    0.00000    0.00000    0.00000 204355.31390  -29.63800   15.00000    0.00000
DTL_CEL   75.22300    0.00000    0.00000    0.00000    0.00000    0.00000 204365.99670  -29.81200   15.00000    0.00000
DTL_CEL   75.22300    0.00000    0.00000    0.00000    0.00000    0.00000 204376.60580  -30.14700   15.00000    0.00000
DTL_CEL   75.22300    0.00000    0.00000    0.15900    0.00000    0.00000 203074.33970  -30.25700   15.00000    0.00000
 DRIFT  217.59350   15.00000 
MATCH_FAM_GRAD 2 0
  QUAD   97.69000  -24.79000   15.00000
 DRIFT   62.20350   15.00000 
DTL_CEL   75.76100    0.00000    0.00000   -0.15900    0.00000    0.00000 210470.52240  -30.99100   15.00000    0.00000
DTL_CEL   75.76100    0.00000    0.00000    0.00000    0.00000    0.00000 211837.63530  -30.13900   15.00000    0.00000
DTL_CEL   75.76100    0.00000    0.00000    0.00000    0.00000    0.00000 211848.75880  -29.82900   15.00000    0.00000
DTL_CEL   75.76100    0.00000    0.00000    0.00000    0.00000    0.00000 211859.85610  -29.68100   15.00000    0.00000
DTL_CEL   75.76100    0.00000    0.00000    0.00000    0.00000    0.00000 211870.90810  -29.69900   15.00000    0.00000
DTL_CEL   75.76100    0.00000    0.00000    0.00000    0.00000    0.00000 211881.89560  -29.87600   15.00000    0.00000
DTL_CEL   75.76100    0.00000    0.00000    0.00000    0.00000    0.00000 211892.80450  -30.21400   15.00000    0.00000
DTL_CEL   75.76100    0.00000    0.00000    0.15600    0.00000    0.00000 210579.29340  -30.34400   15.00000    0.00000
 DRIFT  174.44650   15.00000 
MATCH_FAM_GRAD 2 0
  QUAD   97.69000   25.67000   15.00000
 DRIFT  108.07200   15.00000 
DTL_CEL   76.31200    0.00000    0.00000   -0.15500    0.00000    0.00000 218108.51470  -31.04600   15.00000    0.00000
DTL_CEL   76.31200    0.00000    0.00000    0.00000    0.00000    0.00000 219486.79440  -30.19700   15.00000    0.00000
DTL_CEL   76.31200    0.00000    0.00000    0.00000    0.00000    0.00000 219498.20360  -29.87900   15.00000    0.00000
DTL_CEL   76.31200    0.00000    0.00000    0.00000    0.00000    0.00000 219509.58080  -29.72900   15.00000    0.00000
DTL_CEL   76.31200    0.00000    0.00000    0.00000    0.00000    0.00000 219520.90850  -29.74200   15.00000    0.00000
DTL_CEL   76.31200    0.00000    0.00000    0.00000    0.00000    0.00000 219532.16950  -29.92200   15.00000    0.00000
DTL_CEL   76.31200    0.00000    0.00000    0.00000    0.00000    0.00000 219543.34400  -30.26400   15.00000    0.00000
DTL_CEL   76.31200    0.00000    0.00000    0.15200    0.00000    0.00000 218220.62320  -30.41100   15.00000    0.00000
 DRIFT  174.44650   15.00000 
MATCH_FAM_GRAD 2 0
  QUAD   97.69000  -24.05000   15.00000
 DRIFT  108.07200   15.00000 
DTL_CEL   76.87500    0.00000    0.00000   -0.15200    0.00000    0.00000 225869.32630  -31.07900   15.00000    0.00000
DTL_CEL   76.87500    0.00000    0.00000    0.00000    0.00000    0.00000 227256.52490  -30.23100   15.00000    0.00000
DTL_CEL   76.87500    0.00000    0.00000    0.00000    0.00000    0.00000 227268.17980  -29.90800   15.00000    0.00000
DTL_CEL   76.87500    0.00000    0.00000    0.00000    0.00000    0.00000 227279.79880  -29.75100   15.00000    0.00000
DTL_CEL   76.87500    0.00000    0.00000    0.00000    0.00000    0.00000 227291.36420  -29.76400   15.00000    0.00000
DTL_CEL   76.87500    0.00000    0.00000    0.00000    0.00000    0.00000 227302.85800  -29.94400   15.00000    0.00000
DTL_CEL   76.87500    0.00000    0.00000    0.00000    0.00000    0.00000 227314.25720  -30.29100   15.00000    0.00000
DTL_CEL   76.87500    0.00000    0.00000    0.14800    0.00000    0.00000 225984.46360  -30.45700   15.00000    0.00000
 DRIFT  123.89850   15.00000 
;MATCH_FAM_GRAD 2 0
  QUAD   97.69000   21.81431   15.00000
 DRIFT  164.26100   15.00000 
DTL_CEL   77.45200    0.00000    0.00000   -0.14800    0.00000    0.00000 233775.64770  -31.08600   15.00000    0.00000
DTL_CEL   77.45200    0.00000    0.00000    0.00000    0.00000    0.00000 235169.63980  -30.23900   15.00000    0.00000
DTL_CEL   77.45200    0.00000    0.00000    0.00000    0.00000    0.00000 235181.49730  -29.90800   15.00000    0.00000
DTL_CEL   77.45200    0.00000    0.00000    0.00000    0.00000    0.00000 235193.31770  -29.74800   15.00000    0.00000
DTL_CEL   77.45200    0.00000    0.00000    0.00000    0.00000    0.00000 235205.07730  -29.75800   15.00000    0.00000
DTL_CEL   77.45200    0.00000    0.00000    0.00000    0.00000    0.00000 235216.75760  -29.93700   15.00000    0.00000
DTL_CEL   77.45200    0.00000    0.00000    0.00000    0.00000    0.00000 235228.34000  -30.28600   15.00000    0.00000
DTL_CEL   77.45200    0.00000    0.00000    0.14500    0.00000    0.00000 233893.49240  -30.46600   15.00000    0.00000
 DRIFT  116.45500   15.00000 
;MATCH_FAM_GRAD 2 0
  QUAD   97.69000  -21.60221   15.00000
 DRIFT  174.62150   15.00000 
DTL_CEL   78.04100    0.00000    0.00000   -0.14400    0.00000    0.00000 241810.33400  -31.05700   15.00000    0.00000
DTL_CEL   78.04100    0.00000    0.00000    0.00000    0.00000    0.00000 243208.86620  -30.21400   15.00000    0.00000
DTL_CEL   78.04100    0.00000    0.00000    0.00000    0.00000    0.00000 243220.88080  -29.87700   15.00000    0.00000
DTL_CEL   78.04100    0.00000    0.00000    0.00000    0.00000    0.00000 243232.85170  -29.71300   15.00000    0.00000
DTL_CEL   78.04100    0.00000    0.00000    0.00000    0.00000    0.00000 243244.75960  -29.72100   15.00000    0.00000
DTL_CEL   78.04100    0.00000    0.00000    0.00000    0.00000    0.00000 243256.58280  -29.90000   15.00000    0.00000
DTL_CEL   78.04100    0.00000    0.00000    0.00000    0.00000    0.00000 243268.29940  -30.25200   15.00000    0.00000
DTL_CEL   78.04100    0.00000    0.00000    0.14100    0.00000    0.00000 241930.51570  -30.45000   15.00000    0.00000
 DRIFT  120.87150   15.00000 
  QUAD   97.69000   21.38520   15.00000
 DRIFT  173.18350   15.00000 
DTL_CEL   78.64300    0.00000    0.00000   -0.14100    0.00000    0.00000 249992.93990  -31.00800   15.00000    0.00000
DTL_CEL   78.64300    0.00000    0.00000    0.00000    0.00000    0.00000 251393.86300  -30.16800   15.00000    0.00000
DTL_CEL   78.64300    0.00000    0.00000    0.00000    0.00000    0.00000 251405.98620  -29.82400   15.00000    0.00000
DTL_CEL   78.64300    0.00000    0.00000    0.00000    0.00000    0.00000 251418.05850  -29.65600   15.00000    0.00000
DTL_CEL   78.64300    0.00000    0.00000    0.00000    0.00000    0.00000 251430.06300  -29.66300   15.00000    0.00000
DTL_CEL   78.64300    0.00000    0.00000    0.00000    0.00000    0.00000 251441.97710  -29.84400   15.00000    0.00000
DTL_CEL   78.64300    0.00000    0.00000    0.00000    0.00000    0.00000 251453.78100  -30.20100   15.00000    0.00000
DTL_CEL   78.64300    0.00000    0.00000    0.13800    0.00000    0.00000 250115.07260  -30.41300   15.00000    0.00000
 DRIFT  120.87150   15.00000 
  QUAD   97.69000  -21.16327   15.00000
 DRIFT  176.22350   15.00000 
DTL_CEL   79.25700    0.00000    0.00000   -0.13700    0.00000    0.00000 258308.89810  -30.94400   15.00000    0.00000
DTL_CEL   79.25700    0.00000    0.00000    0.00000    0.00000    0.00000 259709.98390  -30.10500   15.00000    0.00000
DTL_CEL   79.25700    0.00000    0.00000    0.00000    0.00000    0.00000 259722.15910  -29.75600   15.00000    0.00000
DTL_CEL   79.25700    0.00000    0.00000    0.00000    0.00000    0.00000 259734.28180  -29.58500   15.00000    0.00000
DTL_CEL   79.25700    0.00000    0.00000    0.00000    0.00000    0.00000 259746.32860  -29.59400   15.00000    0.00000
DTL_CEL   79.25700    0.00000    0.00000    0.00000    0.00000    0.00000 259758.28200  -29.77600   15.00000    0.00000
DTL_CEL   79.25700    0.00000    0.00000    0.00000    0.00000    0.00000 259770.11880  -30.13500   15.00000    0.00000
DTL_CEL   79.25700    0.00000    0.00000    0.13400    0.00000    0.00000 258432.56100  -30.36400   15.00000    0.00000
 DRIFT  120.87150   15.00000 
  QUAD   97.69000   20.93725   15.00000
 DRIFT  179.32450   15.00000 
DTL_CEL   79.88300    0.00000    0.00000   -0.13400    0.00000    0.00000 266774.52110  -30.87200   15.00000    0.00000
DTL_CEL   79.88300    0.00000    0.00000    0.00000    0.00000    0.00000 268173.63290  -30.03700   15.00000    0.00000
DTL_CEL   79.88300    0.00000    0.00000    0.00000    0.00000    0.00000 268185.80580  -29.68400   15.00000    0.00000
DTL_CEL   79.88300    0.00000    0.00000    0.00000    0.00000    0.00000 268197.92440  -29.51300   15.00000    0.00000
DTL_CEL   79.88300    0.00000    0.00000    0.00000    0.00000    0.00000 268209.96170  -29.52000   15.00000    0.00000
DTL_CEL   79.88300    0.00000    0.00000    0.00000    0.00000    0.00000 268221.89670  -29.70500   15.00000    0.00000
DTL_CEL   79.88300    0.00000    0.00000    0.00000    0.00000    0.00000 268233.71110  -30.06800   15.00000    0.00000
DTL_CEL   79.88300    0.00000    0.00000    0.13100    0.00000    0.00000 266899.29720  -30.31300   15.00000    0.00000
 DRIFT  120.87050   15.00000 
  QUAD   97.69000  -20.70714   15.00000
 DRIFT  182.49550   15.00000 
DTL_CEL   80.51300    0.00000    0.00000   -0.13100    0.00000    0.00000 269164.33280  -30.79300   15.00000    0.00000
DTL_CEL   80.51300    0.00000    0.00000    0.00000    0.00000    0.00000 270527.53200  -29.97500   15.00000    0.00000
DTL_CEL   80.51300    0.00000    0.00000    0.00000    0.00000    0.00000 270539.11190  -29.62700   15.00000    0.00000
DTL_CEL   80.51300    0.00000    0.00000    0.00000    0.00000    0.00000 270550.63410  -29.45800   15.00000    0.00000
DTL_CEL   80.51300    0.00000    0.00000    0.00000    0.00000    0.00000 270562.07430  -29.46700   15.00000    0.00000
DTL_CEL   80.51300    0.00000    0.00000    0.00000    0.00000    0.00000 270573.41430  -29.65000   15.00000    0.00000
DTL_CEL   80.51300    0.00000    0.00000    0.00000    0.00000    0.00000 270584.63880  -30.01100   15.00000    0.00000
DTL_CEL   80.51300    0.00000    0.00000    0.12700    0.00000    0.00000 269284.24070  -30.26100   15.00000    0.00000
 DRIFT  120.87150   15.00000 
  QUAD   97.69000   20.47784   15.00000
 DRIFT  185.64050   15.00000 
DTL_CEL   81.14100    0.00000    0.00000   -0.12700    0.00000    0.00000 271401.28460  -30.72800   15.00000    0.00000
DTL_CEL   81.14100    0.00000    0.00000    0.00000    0.00000    0.00000 272728.28290  -29.92900   15.00000    0.00000
DTL_CEL   81.14100    0.00000    0.00000    0.00000    0.00000    0.00000 272739.25530  -29.58800   15.00000    0.00000
DTL_CEL   81.14100    0.00000    0.00000    0.00000    0.00000    0.00000 272750.16640  -29.42300   15.00000    0.00000
DTL_CEL   81.14100    0.00000    0.00000    0.00000    0.00000    0.00000 272761.00110  -29.43200   15.00000    0.00000
DTL_CEL   81.14100    0.00000    0.00000    0.00000    0.00000    0.00000 272771.73780  -29.61600   15.00000    0.00000
DTL_CEL   81.14100    0.00000    0.00000    0.00000    0.00000    0.00000 272782.35520  -29.97300   15.00000    0.00000
DTL_CEL   81.14100    0.00000    0.00000    0.12400    0.00000    0.00000 271516.20860  -30.22900   15.00000    0.00000
 DRIFT  120.87150   15.00000 
  QUAD   97.69000  -20.25018   15.00000
 DRIFT  188.77050   15.00000 
DTL_CEL   81.76500    0.00000    0.00000   -0.12400    0.00000    0.00000 273620.18090  -30.69100   15.00000    0.00000
DTL_CEL   81.76500    0.00000    0.00000    0.00000    0.00000    0.00000 274911.43310  -29.91000   15.00000    0.00000
DTL_CEL   81.76500    0.00000    0.00000    0.00000    0.00000    0.00000 274921.79900  -29.57400   15.00000    0.00000
DTL_CEL   81.76500    0.00000    0.00000    0.00000    0.00000    0.00000 274932.10630  -29.41300   15.00000    0.00000
DTL_CEL   81.76500    0.00000    0.00000    0.00000    0.00000    0.00000 274942.33340  -29.42600   15.00000    0.00000
DTL_CEL   81.76500    0.00000    0.00000    0.00000    0.00000    0.00000 274952.46500  -29.60800   15.00000    0.00000
DTL_CEL   81.76500    0.00000    0.00000    0.00000    0.00000    0.00000 274962.48540  -29.96400   15.00000    0.00000
DTL_CEL   81.76500    0.00000    0.00000    0.12100    0.00000    0.00000 273730.13490  -30.22200   15.00000    0.00000
 DRIFT  120.87150   15.00000 
  QUAD   97.69000   20.02334   15.00000
 DRIFT  191.88050   15.00000 
DTL_CEL   82.38700    0.00000    0.00000   -0.12100    0.00000    0.00000 275860.27900  -30.83400   15.00000    0.00000
DTL_CEL   82.38700    0.00000    0.00000    0.00000    0.00000    0.00000 277070.60440  -30.06900   15.00000    0.00000
DTL_CEL   82.38700    0.00000    0.00000    0.00000    0.00000    0.00000 277080.56130  -29.74100   15.00000    0.00000
DTL_CEL   82.38700    0.00000    0.00000    0.00000    0.00000    0.00000 277090.47470  -29.58200   15.00000    0.00000
DTL_CEL   82.38700    0.00000    0.00000    0.00000    0.00000    0.00000 277100.32900  -29.59600   15.00000    0.00000
DTL_CEL   82.38700    0.00000    0.00000    0.00000    0.00000    0.00000 277110.10870  -29.77700   15.00000    0.00000
DTL_CEL   82.38700    0.00000    0.00000    0.00000    0.00000    0.00000 277119.79830  -30.12700   15.00000    0.00000
DTL_CEL   82.38700    0.00000    0.00000    0.11800    0.00000    0.00000 275960.36050  -30.39000   15.00000    0.00000
 DRIFT  120.87350   15.00000 
  QUAD   97.69000  -19.79732   15.00000
 DRIFT  194.97950   15.00000 
DTL_CEL   83.00500    0.00000    0.00000   -0.11800    0.00000    0.00000 278044.28810  -30.83200   15.00000    0.00000
DTL_CEL   83.00500    0.00000    0.00000    0.00000    0.00000    0.00000 279227.16040  -30.08100   15.00000    0.00000
DTL_CEL   83.00500    0.00000    0.00000    0.00000    0.00000    0.00000 279236.67230  -29.75600   15.00000    0.00000
DTL_CEL   83.00500    0.00000    0.00000    0.00000    0.00000    0.00000 279246.14020  -29.59900   15.00000    0.00000
DTL_CEL   83.00500    0.00000    0.00000    0.00000    0.00000    0.00000 279255.54870  -29.61000   15.00000    0.00000
DTL_CEL   83.00500    0.00000    0.00000    0.00000    0.00000    0.00000 279264.88520  -29.79100   15.00000    0.00000
DTL_CEL   83.00500    0.00000    0.00000    0.00000    0.00000    0.00000 279274.12780  -30.13600   15.00000    0.00000
DTL_CEL   83.00500    0.00000    0.00000    0.11500    0.00000    0.00000 278140.37060  -30.39900   15.00000    0.00000
 DRIFT  120.87350   15.00000 
  QUAD   97.69000   19.57294   15.00000
 DRIFT  198.06100   15.00000 
DTL_CEL   83.62000    0.00000    0.00000   -0.11500    0.00000    0.00000 280214.49870  -30.82300   15.00000    0.00000
DTL_CEL   83.62000    0.00000    0.00000    0.00000    0.00000    0.00000 281370.63840  -30.08700   15.00000    0.00000
DTL_CEL   83.62000    0.00000    0.00000    0.00000    0.00000    0.00000 281379.70340  -29.76700   15.00000    0.00000
DTL_CEL   83.62000    0.00000    0.00000    0.00000    0.00000    0.00000 281388.72430  -29.61100   15.00000    0.00000
DTL_CEL   83.62000    0.00000    0.00000    0.00000    0.00000    0.00000 281397.68520  -29.62100   15.00000    0.00000
DTL_CEL   83.62000    0.00000    0.00000    0.00000    0.00000    0.00000 281406.57360  -29.79900   15.00000    0.00000
DTL_CEL   83.62000    0.00000    0.00000    0.00000    0.00000    0.00000 281415.37370  -30.13900   15.00000    0.00000
DTL_CEL   83.62000    0.00000    0.00000    0.11300    0.00000    0.00000 280306.56500  -30.40300   15.00000    0.00000
 DRIFT  120.87400   15.00000 
  QUAD   97.69000  -19.34937   15.00000
 DRIFT  201.12750   15.00000 
DTL_CEL   84.23100    0.00000    0.00000   -0.11200    0.00000    0.00000 282367.49300  -30.81000   15.00000    0.00000
DTL_CEL   84.23100    0.00000    0.00000    0.00000    0.00000    0.00000 283497.62390  -30.08800   15.00000    0.00000
DTL_CEL   84.23100    0.00000    0.00000    0.00000    0.00000    0.00000 283506.24040  -29.77100   15.00000    0.00000
DTL_CEL   84.23100    0.00000    0.00000    0.00000    0.00000    0.00000 283514.81250  -29.61800   15.00000    0.00000
DTL_CEL   84.23100    0.00000    0.00000    0.00000    0.00000    0.00000 283523.32420  -29.62900   15.00000    0.00000
DTL_CEL   84.23100    0.00000    0.00000    0.00000    0.00000    0.00000 283531.76280  -29.80100   15.00000    0.00000
DTL_CEL   84.23100    0.00000    0.00000    0.00000    0.00000    0.00000 283540.11570  -30.13800   15.00000    0.00000
DTL_CEL   84.23100    0.00000    0.00000    0.11000    0.00000    0.00000 282455.52670  -30.40200   15.00000    0.00000
 DRIFT  120.87350   15.00000 
  QUAD   97.69000   19.12663   15.00000
 DRIFT  204.17650   15.00000 
DTL_CEL   84.83900    0.00000    0.00000   -0.11000    0.00000    0.00000 284506.55560  -30.79700   15.00000    0.00000
DTL_CEL   84.83900    0.00000    0.00000    0.00000    0.00000    0.00000 285611.43150  -30.08600   15.00000    0.00000
DTL_CEL   84.83900    0.00000    0.00000    0.00000    0.00000    0.00000 285619.59820  -29.77300   15.00000    0.00000
DTL_CEL   84.83900    0.00000    0.00000    0.00000    0.00000    0.00000 285627.72010  -29.62000   15.00000    0.00000
DTL_CEL   84.83900    0.00000    0.00000    0.00000    0.00000    0.00000 285635.78130  -29.63100   15.00000    0.00000
DTL_CEL   84.83900    0.00000    0.00000    0.00000    0.00000    0.00000 285643.77200  -29.80400   15.00000    0.00000
DTL_CEL   84.83900    0.00000    0.00000    0.00000    0.00000    0.00000 285651.67630  -30.13500   15.00000    0.00000
DTL_CEL   84.83900    0.00000    0.00000    0.10800    0.00000    0.00000 284590.53980  -30.39900   15.00000    0.00000
 DRIFT  120.87450   15.00000 
  QUAD   97.69000  -18.90552   15.00000
 DRIFT  207.20950   15.00000 
DTL_CEL   85.44500    0.00000    0.00000   -0.10700    0.00000    0.00000 286634.97540  -30.77600   15.00000    0.00000
DTL_CEL   85.44500    0.00000    0.00000    0.00000    0.00000    0.00000 287715.38450  -30.08100   15.00000    0.00000
DTL_CEL   85.44500    0.00000    0.00000    0.00000    0.00000    0.00000 287723.10040  -29.76900   15.00000    0.00000
DTL_CEL   85.44500    0.00000    0.00000    0.00000    0.00000    0.00000 287730.77110  -29.61800   15.00000    0.00000
DTL_CEL   85.44500    0.00000    0.00000    0.00000    0.00000    0.00000 287738.38380  -29.62900   15.00000    0.00000
DTL_CEL   85.44500    0.00000    0.00000    0.00000    0.00000    0.00000 287745.92230  -29.79700   15.00000    0.00000
DTL_CEL   85.44500    0.00000    0.00000    0.00000    0.00000    0.00000 287753.38030  -30.12600   15.00000    0.00000
DTL_CEL   85.44500    0.00000    0.00000    0.10500    0.00000    0.00000 286714.90540  -30.39000   15.00000    0.00000
 DRIFT  120.87350   15.00000 
  QUAD   97.69000   18.68605   15.00000
 DRIFT  210.22700   15.00000 
DTL_CEL   86.04600    0.00000    0.00000   -0.10400    0.00000    0.00000 288742.63550  -30.75200   15.00000    0.00000
DTL_CEL   86.04600    0.00000    0.00000    0.00000    0.00000    0.00000 289799.34610  -30.07000   15.00000    0.00000
DTL_CEL   86.04600    0.00000    0.00000    0.00000    0.00000    0.00000 289806.60990  -29.76400   15.00000    0.00000
DTL_CEL   86.04600    0.00000    0.00000    0.00000    0.00000    0.00000 289813.82820  -29.61400   15.00000    0.00000
DTL_CEL   86.04600    0.00000    0.00000    0.00000    0.00000    0.00000 289820.98820  -29.62400   15.00000    0.00000
DTL_CEL   86.04600    0.00000    0.00000    0.00000    0.00000    0.00000 289828.07670  -29.79000   15.00000    0.00000
DTL_CEL   86.04600    0.00000    0.00000    0.00000    0.00000    0.00000 289835.08730  -30.11400   15.00000    0.00000
DTL_CEL   86.04600    0.00000    0.00000    0.10300    0.00000    0.00000 288818.49940  -30.37900   15.00000    0.00000
 DRIFT  120.87400   15.00000 
  QUAD   97.69000  -18.46740   15.00000
 DRIFT  213.22750   15.00000 
DTL_CEL   86.64500    0.00000    0.00000   -0.10200    0.00000    0.00000 290839.54990  -30.72900   15.00000    0.00000
DTL_CEL   86.64500    0.00000    0.00000    0.00000    0.00000    0.00000 291873.37560  -30.05700   15.00000    0.00000
DTL_CEL   86.64500    0.00000    0.00000    0.00000    0.00000    0.00000 291880.18990  -29.75400   15.00000    0.00000
DTL_CEL   86.64500    0.00000    0.00000    0.00000    0.00000    0.00000 291886.95850  -29.60700   15.00000    0.00000
DTL_CEL   86.64500    0.00000    0.00000    0.00000    0.00000    0.00000 291893.66490  -29.61600   15.00000    0.00000
DTL_CEL   86.64500    0.00000    0.00000    0.00000    0.00000    0.00000 291900.30600  -29.78100   15.00000    0.00000
DTL_CEL   86.64500    0.00000    0.00000    0.00000    0.00000    0.00000 291906.86540  -30.10000   15.00000    0.00000
DTL_CEL   86.64500    0.00000    0.00000    0.10000    0.00000    0.00000 290911.35010  -30.36600   15.00000    0.00000
 DRIFT  120.87350   15.00000 
  QUAD   97.69000   18.24957   15.00000
 DRIFT  216.21100   15.00000 
DTL_CEL   87.24000    0.00000    0.00000   -0.10000    0.00000    0.00000 292918.96290  -30.70600   15.00000    0.00000
DTL_CEL   87.24000    0.00000    0.00000    0.00000    0.00000    0.00000 293930.71270  -30.04600   15.00000    0.00000
DTL_CEL   87.24000    0.00000    0.00000    0.00000    0.00000    0.00000 293937.07690  -29.74500   15.00000    0.00000
DTL_CEL   87.24000    0.00000    0.00000    0.00000    0.00000    0.00000 293943.39180  -29.60100   15.00000    0.00000
DTL_CEL   87.24000    0.00000    0.00000    0.00000    0.00000    0.00000 293949.65070  -29.61100   15.00000    0.00000
DTL_CEL   87.24000    0.00000    0.00000    0.00000    0.00000    0.00000 293955.84050  -29.77400   15.00000    0.00000
DTL_CEL   87.24000    0.00000    0.00000    0.00000    0.00000    0.00000 293961.95130  -30.09000   15.00000    0.00000
DTL_CEL   87.24000    0.00000    0.00000    0.09800    0.00000    0.00000 292986.69850  -30.35400   15.00000    0.00000
 DRIFT  120.87400   15.00000 
  QUAD   97.69000  -18.03337   15.00000
 DRIFT  219.17800   15.00000 
DTL_CEL   87.83200    0.00000    0.00000   -0.09700    0.00000    0.00000 294984.19010  -30.68400   15.00000    0.00000
DTL_CEL   87.83200    0.00000    0.00000    0.00000    0.00000    0.00000 295974.69780  -30.03500   15.00000    0.00000
DTL_CEL   87.83200    0.00000    0.00000    0.00000    0.00000    0.00000 295980.61160  -29.74000   15.00000    0.00000
DTL_CEL   87.83200    0.00000    0.00000    0.00000    0.00000    0.00000 295986.47890  -29.59700   15.00000    0.00000
DTL_CEL   87.83200    0.00000    0.00000    0.00000    0.00000    0.00000 295992.28670  -29.60700   15.00000    0.00000
DTL_CEL   87.83200    0.00000    0.00000    0.00000    0.00000    0.00000 295998.02810  -29.76800   15.00000    0.00000
DTL_CEL   87.83200    0.00000    0.00000    0.00000    0.00000    0.00000 296003.69340  -30.07900   15.00000    0.00000
DTL_CEL   87.83200    0.00000    0.00000    0.09600    0.00000    0.00000 295047.87300  -30.34500   15.00000    0.00000
 DRIFT  120.87400   15.00000 
  QUAD   97.69000   17.81800   15.00000
 DRIFT  222.12950   15.00000 
DTL_CEL   88.42100    0.00000    0.00000   -0.09500    0.00000    0.00000 297035.20440  -30.66500   15.00000    0.00000
DTL_CEL   88.42100    0.00000    0.00000    0.00000    0.00000    0.00000 298005.31230  -30.02900   15.00000    0.00000
DTL_CEL   88.42100    0.00000    0.00000    0.00000    0.00000    0.00000 298010.77880  -29.73700   15.00000    0.00000
DTL_CEL   88.42100    0.00000    0.00000    0.00000    0.00000    0.00000 298016.19520  -29.59600   15.00000    0.00000
DTL_CEL   88.42100    0.00000    0.00000    0.00000    0.00000    0.00000 298021.55490  -29.60700   15.00000    0.00000
DTL_CEL   88.42100    0.00000    0.00000    0.00000    0.00000    0.00000 298026.84800  -29.76600   15.00000    0.00000
DTL_CEL   88.42100    0.00000    0.00000    0.00000    0.00000    0.00000 298032.06760  -30.07400   15.00000    0.00000
DTL_CEL   88.42100    0.00000    0.00000    0.09400    0.00000    0.00000 297094.84510  -30.34000   15.00000    0.00000
 DRIFT  120.87350   15.00000 
  QUAD   97.69000  -17.60426   15.00000
 DRIFT  225.06500   15.00000 
DTL_CEL   89.00600    0.00000    0.00000   -0.09300    0.00000    0.00000 299068.62200  -30.65200   15.00000    0.00000
DTL_CEL   89.00600    0.00000    0.00000    0.00000    0.00000    0.00000 300019.16280  -30.02700   15.00000    0.00000
DTL_CEL   89.00600    0.00000    0.00000    0.00000    0.00000    0.00000 300024.18190  -29.74000   15.00000    0.00000
DTL_CEL   89.00600    0.00000    0.00000    0.00000    0.00000    0.00000 300029.15070  -29.60000   15.00000    0.00000
DTL_CEL   89.00600    0.00000    0.00000    0.00000    0.00000    0.00000 300034.06580  -29.61000   15.00000    0.00000
DTL_CEL   89.00600    0.00000    0.00000    0.00000    0.00000    0.00000 300038.91380  -29.76800   15.00000    0.00000
DTL_CEL   89.00600    0.00000    0.00000    0.00000    0.00000    0.00000 300043.69120  -30.07300   15.00000    0.00000
DTL_CEL   89.00600    0.00000    0.00000    0.09200    0.00000    0.00000 299124.22910  -30.33900   15.00000    0.00000
 DRIFT  120.87400   15.00000 
  QUAD   97.69000   17.39216   15.00000
 DRIFT  307.99100   15.00000 
DTL_CEL   89.58800    0.00000    0.00000   -0.09100    0.00000    0.00000 301114.09240  -30.67400   15.00000    0.00000
DTL_CEL   89.58800    0.00000    0.00000    0.00000    0.00000    0.00000 302029.40540  -30.06100   15.00000    0.00000
DTL_CEL   89.58800    0.00000    0.00000    0.00000    0.00000    0.00000 302033.85590  -29.77700   15.00000    0.00000
DTL_CEL   89.58800    0.00000    0.00000    0.00000    0.00000    0.00000 302038.26580  -29.63900   15.00000    0.00000
DTL_CEL   89.58800    0.00000    0.00000    0.00000    0.00000    0.00000 302042.62840  -29.64900   15.00000    0.00000
DTL_CEL   89.58800    0.00000    0.00000    0.00000    0.00000    0.00000 302046.94040  -29.80500   15.00000    0.00000
DTL_CEL   89.58800    0.00000    0.00000    0.00000    0.00000    0.00000 302051.19150  -30.10700   15.00000    0.00000
DTL_CEL   89.58800    0.00000    0.00000    0.09000    0.00000    0.00000 301158.08360  -30.37300   15.00000    0.00000
 DRIFT   40.86600   15.00000 
  QUAD   97.69000  -17.18006   15.00000
 DRIFT  310.89250   15.00000 
DTL_CEL   90.16700    0.00000    0.00000   -0.08900    0.00000    0.00000 303110.56260  -30.66700   15.00000    0.00000
DTL_CEL   90.16700    0.00000    0.00000    0.00000    0.00000    0.00000 304015.78550  -30.06400   15.00000    0.00000
DTL_CEL   90.16700    0.00000    0.00000    0.00000    0.00000    0.00000 304019.87700  -29.78300   15.00000    0.00000
DTL_CEL   90.16700    0.00000    0.00000    0.00000    0.00000    0.00000 304023.92440  -29.64800   15.00000    0.00000
DTL_CEL   90.16700    0.00000    0.00000    0.00000    0.00000    0.00000 304027.93080  -29.65700   15.00000    0.00000
DTL_CEL   90.16700    0.00000    0.00000    0.00000    0.00000    0.00000 304031.88290  -29.81100   15.00000    0.00000
DTL_CEL   90.16700    0.00000    0.00000    0.00000    0.00000    0.00000 304035.77720  -30.10900   15.00000    0.00000
DTL_CEL   90.16700    0.00000    0.00000    0.08800    0.00000    0.00000 303152.78040  -30.37400   15.00000    0.00000
 DRIFT   40.86650   15.00000 
  QUAD   97.69000   16.97042   15.00000
 DRIFT  313.77800   15.00000 
DTL_CEL   90.74200    0.00000    0.00000   -0.08800    0.00000    0.00000 305091.86930  -30.65800   15.00000    0.00000
DTL_CEL   90.74200    0.00000    0.00000    0.00000    0.00000    0.00000 305986.02140  -30.06400   15.00000    0.00000
DTL_CEL   90.74200    0.00000    0.00000    0.00000    0.00000    0.00000 305989.75560  -29.78700   15.00000    0.00000
DTL_CEL   90.74200    0.00000    0.00000    0.00000    0.00000    0.00000 305993.44540  -29.65200   15.00000    0.00000
DTL_CEL   90.74200    0.00000    0.00000    0.00000    0.00000    0.00000 305997.09070  -29.66200   15.00000    0.00000
DTL_CEL   90.74200    0.00000    0.00000    0.00000    0.00000    0.00000 306000.68460  -29.81300   15.00000    0.00000
DTL_CEL   90.74200    0.00000    0.00000    0.00000    0.00000    0.00000 306004.22380  -30.10800   15.00000    0.00000
DTL_CEL   90.74200    0.00000    0.00000    0.08600    0.00000    0.00000 305132.31640  -30.37300   15.00000    0.00000
 DRIFT   40.86600   15.00000 
  QUAD   97.69000  -16.76077   15.00000
 DRIFT  316.64700   15.00000 
DTL_CEL   91.31400    0.00000    0.00000   -0.08600    0.00000    0.00000 307061.35850  -30.64800   15.00000    0.00000
DTL_CEL   91.31400    0.00000    0.00000    0.00000    0.00000    0.00000 307943.47390  -30.06300   15.00000    0.00000
DTL_CEL   91.31400    0.00000    0.00000    0.00000    0.00000    0.00000 307946.84940  -29.79100   15.00000    0.00000
DTL_CEL   91.31400    0.00000    0.00000    0.00000    0.00000    0.00000 307950.18350  -29.65700   15.00000    0.00000
DTL_CEL   91.31400    0.00000    0.00000    0.00000    0.00000    0.00000 307953.47290  -29.66700   15.00000    0.00000
DTL_CEL   91.31400    0.00000    0.00000    0.00000    0.00000    0.00000 307956.71060  -29.81600   15.00000    0.00000
DTL_CEL   91.31400    0.00000    0.00000    0.00000    0.00000    0.00000 307959.89320  -30.10700   15.00000    0.00000
DTL_CEL   91.31400    0.00000    0.00000    0.08400    0.00000    0.00000 307100.04560  -30.37300   15.00000    0.00000
 DRIFT   40.86600   15.00000 
  QUAD   97.69000   16.55277   15.00000
 DRIFT  319.49850   15.00000 
DTL_CEL   91.88300    0.00000    0.00000   -0.08400    0.00000    0.00000 309019.02660  -30.63800   15.00000    0.00000
DTL_CEL   91.88300    0.00000    0.00000    0.00000    0.00000    0.00000 309888.13470  -30.06300   15.00000    0.00000
DTL_CEL   91.88300    0.00000    0.00000    0.00000    0.00000    0.00000 309891.15340  -29.79300   15.00000    0.00000
DTL_CEL   91.88300    0.00000    0.00000    0.00000    0.00000    0.00000 309894.13050  -29.66200   15.00000    0.00000
DTL_CEL   91.88300    0.00000    0.00000    0.00000    0.00000    0.00000 309897.06260  -29.67000   15.00000    0.00000
DTL_CEL   91.88300    0.00000    0.00000    0.00000    0.00000    0.00000 309899.94620  -29.81800   15.00000    0.00000
DTL_CEL   91.88300    0.00000    0.00000    0.00000    0.00000    0.00000 309902.77780  -30.10500   15.00000    0.00000
DTL_CEL   91.88300    0.00000    0.00000    0.08300    0.00000    0.00000 309055.94810  -30.36800   15.00000    0.00000
 DRIFT   40.86650   15.00000 
  QUAD   97.69000  -16.31610   15.00000
 DRIFT  322.33250   15.00000 
DTL_CEL   92.44900    0.00000    0.00000   -0.08200    0.00000    0.00000 310964.85080  -30.62600   15.00000    0.00000
DTL_CEL   92.44900    0.00000    0.00000    0.00000    0.00000    0.00000 311819.99010  -30.06000   15.00000    0.00000
DTL_CEL   92.44900    0.00000    0.00000    0.00000    0.00000    0.00000 311822.65430  -29.79300   15.00000    0.00000
DTL_CEL   92.44900    0.00000    0.00000    0.00000    0.00000    0.00000 311825.28020  -29.66300   15.00000    0.00000
DTL_CEL   92.44900    0.00000    0.00000    0.00000    0.00000    0.00000 311827.85720  -29.67300   15.00000    0.00000
DTL_CEL   92.44900    0.00000    0.00000    0.00000    0.00000    0.00000 311830.38890  -29.81900   15.00000    0.00000
DTL_CEL   92.44900    0.00000    0.00000    0.00000    0.00000    0.00000 311832.86480  -30.10100   15.00000    0.00000
DTL_CEL   92.44900    0.00000    0.00000    0.08100    0.00000    0.00000 311000.02250  -30.36500   15.00000    0.00000
 DRIFT   40.86550   15.00000 
  QUAD   97.69000   16.08353   15.00000
 DRIFT  325.31300   15.00000 
DTL_CEL   93.01200    0.00000    0.00000   -0.08100    0.00000    0.00000 312898.83030  -30.30100   15.00000    0.00000
DTL_CEL   93.01200    0.00000    0.00000    0.00000    0.00000    0.00000 313739.04600  -29.74100   15.00000    0.00000
DTL_CEL   93.01200    0.00000    0.00000    0.00000    0.00000    0.00000 313741.36510  -29.47500   15.00000    0.00000
DTL_CEL   93.01200    0.00000    0.00000    0.00000    0.00000    0.00000 313743.64200  -29.34800   15.00000    0.00000
DTL_CEL   93.01200    0.00000    0.00000    0.00000    0.00000    0.00000 313745.87340  -29.35600   15.00000    0.00000
DTL_CEL   93.01200    0.00000    0.00000    0.00000    0.00000    0.00000 313748.05910  -29.50000   15.00000    0.00000
DTL_CEL   93.01200    0.00000    0.00000    0.00000    0.00000    0.00000 313750.19230  -29.78000   15.00000    0.00000
DTL_CEL   93.01200    0.00000    0.00000    0.07900    0.00000    0.00000 312932.35670  -30.04300   15.00000    0.00000
 DRIFT   40.86500   15.00000 
  QUAD   97.69000  -15.85260   15.00000
 DRIFT  328.04350   15.00000 
DTL_CEL   93.57300    0.00000    0.00000   -0.07900    0.00000    0.00000 314824.43620  -30.12800   15.00000    0.00000
DTL_CEL   93.57300    0.00000    0.00000    0.00000    0.00000    0.00000 315648.70110  -29.57700   15.00000    0.00000
DTL_CEL   93.57300    0.00000    0.00000    0.00000    0.00000    0.00000 315650.67060  -29.31400   15.00000    0.00000
DTL_CEL   93.57300    0.00000    0.00000    0.00000    0.00000    0.00000 315652.59770  -29.18800   15.00000    0.00000
DTL_CEL   93.57300    0.00000    0.00000    0.00000    0.00000    0.00000 315654.47900  -29.19600   15.00000    0.00000
DTL_CEL   93.57300    0.00000    0.00000    0.00000    0.00000    0.00000 315656.31440  -29.33800   15.00000    0.00000
DTL_CEL   93.57300    0.00000    0.00000    0.00000    0.00000    0.00000 315658.10030  -29.61500   15.00000    0.00000
DTL_CEL   93.57300    0.00000    0.00000    0.07800    0.00000    0.00000 314856.25530  -29.87600   15.00000    0.00000
 DRIFT   40.86550   15.00000 
  QUAD   97.69000   15.62166   15.00000
 DRIFT  330.84150   15.00000 
DTL_CEL   94.13100    0.00000    0.00000   -0.07800    0.00000    0.00000 316738.21670  -29.95800   15.00000    0.00000
DTL_CEL   94.13100    0.00000    0.00000    0.00000    0.00000    0.00000 317545.53930  -29.41300   15.00000    0.00000
DTL_CEL   94.13100    0.00000    0.00000    0.00000    0.00000    0.00000 317547.15830  -29.15400   15.00000    0.00000
DTL_CEL   94.13100    0.00000    0.00000    0.00000    0.00000    0.00000 317548.73840  -29.02800   15.00000    0.00000
DTL_CEL   94.13100    0.00000    0.00000    0.00000    0.00000    0.00000 317550.26870  -29.03700   15.00000    0.00000
DTL_CEL   94.13100    0.00000    0.00000    0.00000    0.00000    0.00000 317551.75640  -29.17900   15.00000    0.00000
DTL_CEL   94.13100    0.00000    0.00000    0.00000    0.00000    0.00000 317553.19440  -29.45200   15.00000    0.00000
DTL_CEL   94.13100    0.00000    0.00000    0.07600    0.00000    0.00000 316768.32960  -29.71400   15.00000    0.00000
 DRIFT   40.86550   15.00000 
  QUAD   97.69000  -15.39236   15.00000
 DRIFT  333.62850   15.00000 
DTL_CEL   94.68700    0.00000    0.00000   -0.07600    0.00000    0.00000 318643.52320  -29.78800   15.00000    0.00000
DTL_CEL   94.68700    0.00000    0.00000    0.00000    0.00000    0.00000 319432.92040  -29.25300   15.00000    0.00000
DTL_CEL   94.68700    0.00000    0.00000    0.00000    0.00000    0.00000 319434.18830  -28.99500   15.00000    0.00000
DTL_CEL   94.68700    0.00000    0.00000    0.00000    0.00000    0.00000 319435.41690  -28.87100   15.00000    0.00000
DTL_CEL   94.68700    0.00000    0.00000    0.00000    0.00000    0.00000 319436.59910  -28.87900   15.00000    0.00000
DTL_CEL   94.68700    0.00000    0.00000    0.00000    0.00000    0.00000 319437.73850  -29.02000   15.00000    0.00000
DTL_CEL   94.68700    0.00000    0.00000    0.00000    0.00000    0.00000 319438.82780  -29.29200   15.00000    0.00000
DTL_CEL   94.68700    0.00000    0.00000    0.07500    0.00000    0.00000 318671.92810  -29.55100   15.00000    0.00000
 DRIFT   40.86550   15.00000 
  QUAD   97.69000   15.16389   15.00000
 DRIFT  336.40150   15.00000 
DTL_CEL   95.24100    0.00000    0.00000   -0.07500    0.00000    0.00000 320540.34030  -29.62100   15.00000    0.00000
DTL_CEL   95.24100    0.00000    0.00000    0.00000    0.00000    0.00000 321310.82530  -29.09300   15.00000    0.00000
DTL_CEL   95.24100    0.00000    0.00000    0.00000    0.00000    0.00000 321311.74500  -28.83800   15.00000    0.00000
DTL_CEL   95.24100    0.00000    0.00000    0.00000    0.00000    0.00000 321312.62510  -28.71400   15.00000    0.00000
DTL_CEL   95.24100    0.00000    0.00000    0.00000    0.00000    0.00000 321313.45860  -28.72200   15.00000    0.00000
DTL_CEL   95.24100    0.00000    0.00000    0.00000    0.00000    0.00000 321314.24890  -28.86200   15.00000    0.00000
DTL_CEL   95.24100    0.00000    0.00000    0.00000    0.00000    0.00000 321314.99260  -29.13100   15.00000    0.00000
DTL_CEL   95.24100    0.00000    0.00000    0.07300    0.00000    0.00000 320567.03970  -29.39100   15.00000    0.00000
 DRIFT   40.86550   15.00000 
  QUAD   97.69000  -14.93623   15.00000
 DRIFT  339.16300   15.00000 
DTL_CEL   95.79200    0.00000    0.00000   -0.07300    0.00000    0.00000 322425.29120  -29.45200   15.00000    0.00000
DTL_CEL   95.79200    0.00000    0.00000    0.00000    0.00000    0.00000 323175.86940  -28.93200   15.00000    0.00000
DTL_CEL   95.79200    0.00000    0.00000    0.00000    0.00000    0.00000 323176.44390  -28.68000   15.00000    0.00000
DTL_CEL   95.79200    0.00000    0.00000    0.00000    0.00000    0.00000 323176.97510  -28.55800   15.00000    0.00000
DTL_CEL   95.79200    0.00000    0.00000    0.00000    0.00000    0.00000 323177.45920  -28.56700   15.00000    0.00000
DTL_CEL   95.79200    0.00000    0.00000    0.00000    0.00000    0.00000 323177.90010  -28.70400   15.00000    0.00000
DTL_CEL   95.79200    0.00000    0.00000    0.00000    0.00000    0.00000 323178.29750  -28.97000   15.00000    0.00000
DTL_CEL   95.79200    0.00000    0.00000    0.07200    0.00000    0.00000 322450.28420  -29.22900   15.00000    0.00000
 DRIFT   40.86600   15.00000 
  QUAD   97.69000   14.71021   15.00000
 DRIFT  301.90500   15.00000 
DTL_CEL   96.34000    0.00000    0.00000   -0.07200    0.00000    0.00000 324318.42080  -29.30100   15.00000    0.00000
DTL_CEL   96.34000    0.00000    0.00000    0.00000    0.00000    0.00000 325039.78430  -28.78900   15.00000    0.00000
DTL_CEL   96.34000    0.00000    0.00000    0.00000    0.00000    0.00000 325039.88970  -28.54000   15.00000    0.00000
DTL_CEL   96.34000    0.00000    0.00000    0.00000    0.00000    0.00000 325039.95870  -28.41700   15.00000    0.00000
DTL_CEL   96.34000    0.00000    0.00000    0.00000    0.00000    0.00000 325039.99870  -28.42500   15.00000    0.00000
DTL_CEL   96.34000    0.00000    0.00000    0.00000    0.00000    0.00000 325040.00230  -28.56200   15.00000    0.00000
DTL_CEL   96.34000    0.00000    0.00000    0.00000    0.00000    0.00000 325039.97690  -28.82500   15.00000    0.00000
DTL_CEL   96.34000    0.00000    0.00000    0.07000    0.00000    0.00000 324329.67520  -29.08500   15.00000    0.00000
 DRIFT   80.87300   15.00000 
  QUAD   97.69000  -14.48419   15.00000
 DRIFT  304.64000   15.00000 
DTL_CEL   96.88600    0.00000    0.00000   -0.07000    0.00000    0.00000 326169.28490  -29.13400   15.00000    0.00000
DTL_CEL   96.88600    0.00000    0.00000    0.00000    0.00000    0.00000 326881.83610  -28.63000   15.00000    0.00000
DTL_CEL   96.88600    0.00000    0.00000    0.00000    0.00000    0.00000 326881.67530  -28.38300   15.00000    0.00000
DTL_CEL   96.88600    0.00000    0.00000    0.00000    0.00000    0.00000 326881.48160  -28.26400   15.00000    0.00000
DTL_CEL   96.88600    0.00000    0.00000    0.00000    0.00000    0.00000 326881.25510  -28.27100   15.00000    0.00000
DTL_CEL   96.88600    0.00000    0.00000    0.00000    0.00000    0.00000 326880.99560  -28.40600   15.00000    0.00000
DTL_CEL   96.88600    0.00000    0.00000    0.00000    0.00000    0.00000 326880.70320  -28.66600   15.00000    0.00000
DTL_CEL   96.88600    0.00000    0.00000    0.06900    0.00000    0.00000 326179.10460  -28.92400   15.00000    0.00000
 DRIFT   80.87300   15.00000 
  QUAD   97.69000   14.26062   15.00000
 DRIFT  307.36350   15.00000 
DTL_CEL   97.42900    0.00000    0.00000   -0.06900    0.00000    0.00000 328008.47350  -28.96800   15.00000    0.00000
DTL_CEL   97.42900    0.00000    0.00000    0.00000    0.00000    0.00000 328711.64120  -28.47100   15.00000    0.00000
DTL_CEL   97.42900    0.00000    0.00000    0.00000    0.00000    0.00000 328711.21850  -28.22700   15.00000    0.00000
DTL_CEL   97.42900    0.00000    0.00000    0.00000    0.00000    0.00000 328710.75910  -28.10900   15.00000    0.00000
DTL_CEL   97.42900    0.00000    0.00000    0.00000    0.00000    0.00000 328710.26670  -28.11700   15.00000    0.00000
DTL_CEL   97.42900    0.00000    0.00000    0.00000    0.00000    0.00000 328709.74480  -28.24900   15.00000    0.00000
DTL_CEL   97.42900    0.00000    0.00000    0.00000    0.00000    0.00000 328709.18990  -28.50700   15.00000    0.00000
DTL_CEL   97.42900    0.00000    0.00000    0.06800    0.00000    0.00000 328016.85990  -28.76400   15.00000    0.00000
 DRIFT   80.87250   15.00000 
  QUAD   97.69000  -14.03706   15.00000
 DRIFT  310.07300   15.00000 
DTL_CEL   97.97000    0.00000    0.00000   -0.06800    0.00000    0.00000 329839.34570  -28.80500   15.00000    0.00000
DTL_CEL   97.97000    0.00000    0.00000    0.00000    0.00000    0.00000 330532.57480  -28.31300   15.00000    0.00000
DTL_CEL   97.97000    0.00000    0.00000    0.00000    0.00000    0.00000 330531.88380  -28.07300   15.00000    0.00000
DTL_CEL   97.97000    0.00000    0.00000    0.00000    0.00000    0.00000 330531.16320  -27.95600   15.00000    0.00000
DTL_CEL   97.97000    0.00000    0.00000    0.00000    0.00000    0.00000 330530.40930  -27.96300   15.00000    0.00000
DTL_CEL   97.97000    0.00000    0.00000    0.00000    0.00000    0.00000 330529.62220  -28.09400   15.00000    0.00000
DTL_CEL   97.97000    0.00000    0.00000    0.00000    0.00000    0.00000 330528.80550  -28.34900   15.00000    0.00000
DTL_CEL   97.97000    0.00000    0.00000    0.06700    0.00000    0.00000 329846.30420  -28.60600   15.00000    0.00000
 DRIFT   80.87300   15.00000 
  QUAD   97.69000   13.81513   15.00000
 DRIFT  312.76900   15.00000 
DTL_CEL   98.50800    0.00000    0.00000   -0.06700    0.00000    0.00000 331658.53200  -28.64300   15.00000    0.00000
DTL_CEL   98.50800    0.00000    0.00000    0.00000    0.00000    0.00000 332341.25500  -28.15800   15.00000    0.00000
DTL_CEL   98.50800    0.00000    0.00000    0.00000    0.00000    0.00000 332340.30370  -27.91800   15.00000    0.00000
DTL_CEL   98.50800    0.00000    0.00000    0.00000    0.00000    0.00000 332339.31910  -27.80200   15.00000    0.00000
DTL_CEL   98.50800    0.00000    0.00000    0.00000    0.00000    0.00000 332338.30100  -27.81100   15.00000    0.00000
DTL_CEL   98.50800    0.00000    0.00000    0.00000    0.00000    0.00000 332337.25310  -27.94100   15.00000    0.00000
DTL_CEL   98.50800    0.00000    0.00000    0.00000    0.00000    0.00000 332336.17560  -28.19400   15.00000    0.00000
DTL_CEL   98.50800    0.00000    0.00000    0.06600    0.00000    0.00000 331664.06470  -28.44700   15.00000    0.00000
 DRIFT   80.87200   15.00000 
  QUAD   97.69000  -13.59402   15.00000
 DRIFT  315.45350   15.00000 
DTL_CEL   99.04300    0.00000    0.00000   -0.06500    0.00000    0.00000 333466.02610  -28.47800   15.00000    0.00000
DTL_CEL   99.04300    0.00000    0.00000    0.00000    0.00000    0.00000 334137.67780  -28.00200   15.00000    0.00000
DTL_CEL   99.04300    0.00000    0.00000    0.00000    0.00000    0.00000 334136.46360  -27.76400   15.00000    0.00000
DTL_CEL   99.04300    0.00000    0.00000    0.00000    0.00000    0.00000 334135.21960  -27.65000   15.00000    0.00000
DTL_CEL   99.04300    0.00000    0.00000    0.00000    0.00000    0.00000 334133.93820  -27.65600   15.00000    0.00000
DTL_CEL   99.04300    0.00000    0.00000    0.00000    0.00000    0.00000 334132.63060  -27.78500   15.00000    0.00000
DTL_CEL   99.04300    0.00000    0.00000    0.00000    0.00000    0.00000 334131.29320  -28.03600   15.00000    0.00000
DTL_CEL   99.04300    0.00000    0.00000    0.06400    0.00000    0.00000 333470.13560  -28.28900   15.00000    0.00000
 DRIFT   80.87250   15.00000 
  QUAD   97.69000   13.37373   15.00000
 DRIFT  318.12300   15.00000 
DTL_CEL   99.57600    0.00000    0.00000   -0.06400    0.00000    0.00000 335265.19000  -28.31500   15.00000    0.00000
DTL_CEL   99.57600    0.00000    0.00000    0.00000    0.00000    0.00000 335925.21810  -27.84400   15.00000    0.00000
DTL_CEL   99.57600    0.00000    0.00000    0.00000    0.00000    0.00000 335923.74570  -27.60900   15.00000    0.00000
DTL_CEL   99.57600    0.00000    0.00000    0.00000    0.00000    0.00000 335922.23950  -27.49600   15.00000    0.00000
DTL_CEL   99.57600    0.00000    0.00000    0.00000    0.00000    0.00000 335920.69960  -27.50300   15.00000    0.00000
DTL_CEL   99.57600    0.00000    0.00000    0.00000    0.00000    0.00000 335919.12960  -27.63100   15.00000    0.00000
DTL_CEL   99.57600    0.00000    0.00000    0.00000    0.00000    0.00000 335917.53330  -27.87800   15.00000    0.00000
DTL_CEL   99.57600    0.00000    0.00000    0.06300    0.00000    0.00000 335267.88680  -28.13100   15.00000    0.00000
 DRIFT   80.87300   15.00000 
  QUAD   97.69000  -13.15508   15.00000
 DRIFT  320.78100   15.00000 
DTL_CEL  100.10600    0.00000    0.00000   -0.06300    0.00000    0.00000 337052.65610  -28.15000   15.00000    0.00000
DTL_CEL  100.10600    0.00000    0.00000    0.00000    0.00000    0.00000 337700.50030  -27.68600   15.00000    0.00000
DTL_CEL  100.10600    0.00000    0.00000    0.00000    0.00000    0.00000 337698.76710  -27.45400   15.00000    0.00000
DTL_CEL  100.10600    0.00000    0.00000    0.00000    0.00000    0.00000 337697.00370  -27.34200   15.00000    0.00000
DTL_CEL  100.10600    0.00000    0.00000    0.00000    0.00000    0.00000 337695.20640  -27.35000   15.00000    0.00000
DTL_CEL  100.10600    0.00000    0.00000    0.00000    0.00000    0.00000 337693.37880  -27.47400   15.00000    0.00000
DTL_CEL  100.10600    0.00000    0.00000    0.00000    0.00000    0.00000 337691.52480  -27.71900   15.00000    0.00000
DTL_CEL  100.10600    0.00000    0.00000    0.06200    0.00000    0.00000 337053.94370  -27.97100   15.00000    0.00000
 DRIFT   80.87300   15.00000 
  QUAD   97.69000   12.93725   15.00000
 DRIFT  323.42400   15.00000 
DTL_CEL  100.63400    0.00000    0.00000   -0.06200    0.00000    0.00000 338831.78760  -27.98700   15.00000    0.00000
DTL_CEL  100.63400    0.00000    0.00000    0.00000    0.00000    0.00000 339466.90100  -27.52800   15.00000    0.00000
DTL_CEL  100.63400    0.00000    0.00000    0.00000    0.00000    0.00000 339464.91200  -27.29900   15.00000    0.00000
DTL_CEL  100.63400    0.00000    0.00000    0.00000    0.00000    0.00000 339462.88870  -27.18700   15.00000    0.00000
DTL_CEL  100.63400    0.00000    0.00000    0.00000    0.00000    0.00000 339460.83130  -27.19300   15.00000    0.00000
DTL_CEL  100.63400    0.00000    0.00000    0.00000    0.00000    0.00000 339458.74740  -27.31900   15.00000    0.00000
DTL_CEL  100.63400    0.00000    0.00000    0.00000    0.00000    0.00000 339456.63690  -27.56100   15.00000    0.00000
DTL_CEL  100.63400    0.00000    0.00000    0.06100    0.00000    0.00000 338831.67370  -27.81200   15.00000    0.00000
 DRIFT   80.87300   15.00000 
  QUAD   97.69000  -12.33000   15.00000
 DRIFT  326.05500   15.00000 
DTL_CEL  101.15800    0.00000    0.00000   -0.06100    0.00000    0.00000 340595.85160  -27.82400   15.00000    0.00000
DTL_CEL  101.15800    0.00000    0.00000    0.00000    0.00000    0.00000 341217.67000  -27.36900   15.00000    0.00000
DTL_CEL  101.15800    0.00000    0.00000    0.00000    0.00000    0.00000 341215.42260  -27.14300   15.00000    0.00000
DTL_CEL  101.15800    0.00000    0.00000    0.00000    0.00000    0.00000 341213.14460  -27.03200   15.00000    0.00000
DTL_CEL  101.15800    0.00000    0.00000    0.00000    0.00000    0.00000 341210.83230  -27.03900   15.00000    0.00000
DTL_CEL  101.15800    0.00000    0.00000    0.00000    0.00000    0.00000 341208.49330  -27.16300   15.00000    0.00000
DTL_CEL  101.15800    0.00000    0.00000    0.00000    0.00000    0.00000 341206.13140  -27.40200   15.00000    0.00000
DTL_CEL  101.15800    0.00000    0.00000    0.06000    0.00000    0.00000 340594.34440  -27.65100   15.00000    0.00000
 DRIFT   80.87300   15.00000 
  QUAD   97.69000   11.97000   15.00000
 DRIFT  328.67250   15.00000 
DTL_CEL  101.68100    0.00000    0.00000   -0.06000    0.00000    0.00000 342354.94690  -27.65800   15.00000    0.00000
DTL_CEL  101.68100    0.00000    0.00000    0.00000    0.00000    0.00000 342962.93180  -27.21200   15.00000    0.00000
DTL_CEL  101.68100    0.00000    0.00000    0.00000    0.00000    0.00000 342960.43110  -26.98600   15.00000    0.00000
DTL_CEL  101.68100    0.00000    0.00000    0.00000    0.00000    0.00000 342957.89590  -26.87600   15.00000    0.00000
DTL_CEL  101.68100    0.00000    0.00000    0.00000    0.00000    0.00000 342955.33000  -26.88400   15.00000    0.00000
DTL_CEL  101.68100    0.00000    0.00000    0.00000    0.00000    0.00000 342952.73730  -27.00500   15.00000    0.00000
DTL_CEL  101.68100    0.00000    0.00000    0.00000    0.00000    0.00000 342950.12160  -27.24300   15.00000    0.00000
DTL_CEL  101.68100    0.00000    0.00000    0.05900    0.00000    0.00000 342352.05120  -27.48900   15.00000    0.00000
 DRIFT   80.87250   15.00000 

  QUAD   97.69000   -11.69000   15.00000
 DRIFT  331.27600   15.00000 
DTL_CEL  102.20000    0.00000    0.00000   -0.05900    0.00000    0.00000 344098.97120  -27.49300   15.00000    0.00000
DTL_CEL  102.20000    0.00000    0.00000    0.00000    0.00000    0.00000 344692.56940  -27.05200   15.00000    0.00000
DTL_CEL  102.20000    0.00000    0.00000    0.00000    0.00000    0.00000 344689.81690  -26.82900   15.00000    0.00000
DTL_CEL  102.20000    0.00000    0.00000    0.00000    0.00000    0.00000 344687.02980  -26.72100   15.00000    0.00000
DTL_CEL  102.20000    0.00000    0.00000    0.00000    0.00000    0.00000 344684.21180  -26.72700   15.00000    0.00000
DTL_CEL  102.20000    0.00000    0.00000    0.00000    0.00000    0.00000 344681.36680  -26.84800   15.00000    0.00000
DTL_CEL  102.20000    0.00000    0.00000    0.00000    0.00000    0.00000 344678.49480  -27.08200   15.00000    0.00000
DTL_CEL  102.20000    0.00000    0.00000    0.05800    0.00000    0.00000 344094.69220  -27.32800   15.00000    0.00000
lattice_end
DRIFT 71 15							

;-------SCL of SNS linac------------
FREQ 805 
;------middle betasection SCL ----------
lattice 10 1
DRIFT  798.00100   30 
MATCH_FAM_GRAD 3 0
QUAD  104.00000   17.89000  30
DRIFT  396.00000   30 
MATCH_FAM_GRAD 3 0
QUAD  104.00000  -16.88000   30
DRIFT 1258.012	30
MATCH_FAM_phase 3 0
SET_SYNC_PHASE							
field_map	1100	1031.6	-20	30	15.08260934	15.08260934	0	0	mediumbeta
DRIFT	191.826	30
SET_SYNC_PHASE
							
field_map	1100	1031.6	-20	30	14.0594063	14.0594063	0	0	mediumbeta
DRIFT  126.828  30
MATCH_FAM_phase 3 0
SET_SYNC_PHASE
field_map	1100	1031.6	-20	30	14.25523507	14.25523507	0	0	mediumbeta
 DRIFT  647.914  30
MATCH_FAM_GRAD 3 0
QUAD  380.00000    4.41000   30
DRIFT  535.24000  30
MATCH_FAM_GRAD 3 0
QUAD  380.00000   -4.41000  30
DRIFT	482.392	30
MATCH_FAM_phase 3 0
SET_SYNC_PHASE							
field_map	1100	1031.6	-20	30	13.48624615	13.48624615	0	0	mediumbeta
DRIFT	191.826	30
SET_SYNC_PHASE							
field_map	1100	1031.6	-20	30	13.25221985	13.25221985	0	0	mediumbeta
DRIFT  126.828  30
SET_SYNC_PHASE
field_map	1100	1031.6	-20	30	13.51815302	13.51815302	0	0	mediumbeta
DRIFT  647.914  30
MATCH_FAM_GRAD 3 0
QUAD  380.00000    4.34000   30    
DRIFT  535.24000  30
MATCH_FAM_GRAD 3 0
QUAD  380.00000   -4.34000  30
DRIFT	482.392	30
SET_SYNC_PHASE							
field_map	1100	1031.6	-20	30	14.49671259	14.49671259	0	0	mediumbeta
DRIFT	191.826	30
SET_SYNC_PHASE							
field_map	1100	1031.6	-20	30	14.19453689	14.19453689	0	0	mediumbeta
DRIFT  126.828  30
SET_SYNC_PHASE
field_map	1100	1031.6	-20	30	14.85304927	14.85304927	0	0	mediumbeta
 DRIFT  647.914  30
  QUAD  380.00000    4.96000   30    
 DRIFT  535.24000  30
  QUAD  380.00000   -4.96000   30
 DRIFT	482.392	30
SET_SYNC_PHASE							
field_map	1100	1031.6	-20	30	12.31977292	12.31977292	0	0	mediumbeta
DRIFT	191.826	30
SET_SYNC_PHASE							
field_map	1100	1031.6	-20	30	14.32495184	14.32495184	0	0	mediumbeta
DRIFT  126.828  30
SET_SYNC_PHASE
field_map	1100	1031.6	-20	30	12.84051871	12.84051871	0	0	mediumbeta
 DRIFT  647.914  30
  QUAD  380.00000    5.04526  30
 DRIFT  535.24000   30
  QUAD  380.00000   -5.04526   30
 DRIFT	482.392	30
SET_SYNC_PHASE							
field_map	1100	1031.6	-20	30	13.75169142	13.75169142	0	0	mediumbeta
DRIFT	191.826	30
SET_SYNC_PHASE							
field_map	1100	1031.6	-20	30	13.69304458	13.69304458	0	0	mediumbeta
DRIFT  126.828  30
SET_SYNC_PHASE
field_map	1100	1031.6	-20	30	15.14542053	15.14542053	0	0	mediumbeta
 DRIFT  647.914  30
  QUAD  380.00000    5.08947  30
 DRIFT  535.24000   30 
  QUAD  380.00000   -5.08947   30
 DRIFT	482.392	30
SET_SYNC_PHASE							
field_map	1100	1031.6	-20	30	14.22024692	14.22024692	0	0	mediumbeta
DRIFT	191.826	30
SET_SYNC_PHASE							
field_map	1100	1031.6	-20	30	15.33288785	15.33288785	0	0	mediumbeta
DRIFT  126.828  30
SET_SYNC_PHASE
field_map	1100	1031.6	-20	30	12.97926205	12.97926205	0	0	mediumbeta
 DRIFT  647.914  30
  QUAD  380.00000    5.10737   30
 DRIFT  535.24000   30 
  QUAD  380.00000   -5.10737   30
  DRIFT	482.392	30
SET_SYNC_PHASE							
field_map	1100	1031.6	-20	30	13.67244784	13.67244784	0	0	mediumbeta
DRIFT	191.826	30
SET_SYNC_PHASE							
field_map	1100	1031.6	-20	30	14.23105503	14.23105503	0	0	mediumbeta
DRIFT  126.828  30
SET_SYNC_PHASE
field_map	1100	1031.6	-20	30	12.53917646	12.53917646	0	0	mediumbeta
 DRIFT  647.914  30
  QUAD  380.00000    5.10737  30
 DRIFT  535.24000   30 
  QUAD  380.00000   -5.10737  30
  DRIFT	482.392	30
SET_SYNC_PHASE							
field_map	1100	1031.6	-20	30	12.60096245	12.60096245	0	0	mediumbeta
DRIFT	191.826	30
SET_SYNC_PHASE							
field_map	1100	1031.6	-20	30	13.34929051	13.34929051	0	0	mediumbeta
DRIFT  126.828  30
SET_SYNC_PHASE
field_map	1100	1031.6	-20	30	14.49379143	14.49379143	0	0	mediumbeta
 DRIFT  647.914  30
  QUAD  380.00000    5.09790   30
 DRIFT  535.24000   30 
  QUAD  380.00000   -5.09790   30
 DRIFT	482.392	30
SET_SYNC_PHASE							
field_map	1100	1031.6	-20	30	14.21191316	14.21191316	0	0	mediumbeta
DRIFT	191.826	30
SET_SYNC_PHASE							
field_map	1100	1031.6	-20	30	14.10839546	14.10839546	0	0	mediumbeta
DRIFT  126.828  30
SET_SYNC_PHASE
field_map	1100	1031.6	-20	30	14.22390242	14.22390242	0	0	mediumbeta
 DRIFT  647.914  30
  QUAD  380.00000    5.00000   30  
 DRIFT  535.24000  30
  QUAD  380.00000   -5.00000   30
 DRIFT	482.392	30
SET_SYNC_PHASE							
field_map	1100	1031.6	-20	30	13.76125978	13.76125978	0	0	mediumbeta
DRIFT	191.826	30
SET_SYNC_PHASE							
field_map	1100	1031.6	-20	30	13.87053863	13.87053863	0	0	mediumbeta
DRIFT  126.828  30
SET_SYNC_PHASE
field_map	1100	1031.6	-20	30	14.43233344	14.43233344	0	0	mediumbeta
 DRIFT  647.914  30
MATCH_FAM_GRAD 4 0 
 QUAD  380.00000    4.86000   30
 DRIFT  535.24000   30 
MATCH_FAM_GRAD 4 0
 QUAD  380.00000   -5.00000   30   
 DRIFT	482.392	30
SET_SYNC_PHASE							
field_map	1100	1031.6	-20	30	13.91177669	13.91177669	0	0	mediumbeta
DRIFT	191.826	30
SET_SYNC_PHASE							
field_map	1100	1031.6	-20	30	14.04120071	14.04120071	0	0	mediumbeta
DRIFT  126.828  30
SET_SYNC_PHASE
field_map	1100	1031.6	-20	30	15.5040698	15.5040698	0	0	mediumbeta
lattice_end
DRIFT	0.000001	30

lattice 12 1
 DRIFT  647.914  30
MATCH_FAM_GRAD 4 0								
QUAD	380	5.61	30						
DRIFT	535.24	30
MATCH_FAM_GRAD 4 0								
QUAD	380	-5.55	30							
DRIFT	478.271	30
SET_SYNC_PHASE
;MATCH_FAM_phase 4 0						
field_map	1100	1226	-20	30	19.8006246	19.8006246	0	0	highbeta
DRIFT	221.426	30
SET_SYNC_PHASE						
field_map	1100	1226	-20	30	19.51067854	19.51067854	0	0	highbeta
DRIFT	89.423	30
SET_SYNC_PHASE							
field_map	1100	1226	-20	30	19.39713257	19.39713257	0	0	highbeta
DRIFT	221.426	30
;MATCH_FAM_phase 4 0
SET_SYNC_PHASE							
field_map	1100	1226	-20	30	19.33704312	19.33704312	0	0	highbeta
DRIFT	681.214	30

  QUAD  380.00000    5.76000   30
 DRIFT  535.24000   30  

  QUAD  380.00000   -5.76000   30
DRIFT	478.271	30
SET_SYNC_PHASE						
field_map	1100	1226	-20	30	18.69260265	18.69260265	0	0	highbeta
DRIFT	221.426	30
SET_SYNC_PHASE						
field_map	1100	1226	-20	30	17.44061234	17.44061234	0	0	highbeta
DRIFT	89.423	30
SET_SYNC_PHASE							
field_map	1100	1226	-20	30	17.43787569	17.43787569	0	0	highbeta
DRIFT	221.426	30
SET_SYNC_PHASE							
field_map	1100	1226	-20	30	17.34587931	17.34587931	0	0	highbeta
DRIFT	681.214	30
  QUAD  380.00000    6.15000   30
 DRIFT  535.24000   30 
  QUAD  380.00000   -6.15000   30
DRIFT	478.271	30     
SET_SYNC_PHASE						
field_map	1100	1226	-20	30	17.35483675	17.35483675	0	0	highbeta
DRIFT	221.426	30
SET_SYNC_PHASE						
field_map	1100	1226	-20	30	17.30678596	17.30678596	0	0	highbeta
DRIFT	89.423	30
SET_SYNC_PHASE							
field_map	1100	1226	-20	30	18.00930617	18.00930617	0	0	highbeta
DRIFT	221.426	30
SET_SYNC_PHASE							
field_map	1100	1226	-20	30	18.76755186	18.76755186	0	0	highbeta
DRIFT	681.214	30
  QUAD  380.00000    6.25579  30    
 DRIFT  535.24000   30
  QUAD  380.00000   -6.25579   30
DRIFT	478.271	30
SET_SYNC_PHASE						
field_map	1100	1226	-20	30	17.67778625	17.67778625	0	0	highbeta
DRIFT	221.426	30
SET_SYNC_PHASE						
field_map	1100	1226	-20	30	15.484164	15.484164	0	0	highbeta
DRIFT	89.423	30
SET_SYNC_PHASE							
field_map	1100	1226	-20	30	15.82437918	15.82437918	0	0	highbeta
DRIFT	221.426	30
SET_SYNC_PHASE							
field_map	1100	1226	-20	30	18.39077045	18.39077045	0	0	highbeta
DRIFT	681.214	30
  QUAD  380.00000    6.36947   30
 DRIFT  535.24000   30 
  QUAD  380.00000   -6.36947   30   
DRIFT	478.271	30
SET_SYNC_PHASE						
field_map	1100	1226	-20	30	 18.02331903 18.02331903	0	0	highbeta
DRIFT	221.426	30
SET_SYNC_PHASE						
field_map	1100	1226	-20	30	17.26307361	17.26307361	0	0	highbeta
DRIFT	89.423	30
SET_SYNC_PHASE							
field_map	1100	1226	-20	30	18.09376922	18.09376922	0	0	highbeta
DRIFT	221.426	30
SET_SYNC_PHASE							
field_map	1100	1226	-20	30	16.59727601	16.59727601	0	0	highbeta
DRIFT	681.214	30
  QUAD  380.00000    6.36947   30
 DRIFT  535.24000   30 
  QUAD  380.00000   -6.36947   30   
DRIFT	478.271	30
SET_SYNC_PHASE						
field_map	1100	1226	-20	30	16.8831745	16.8831745	0	0	highbeta
DRIFT	221.426	30
SET_SYNC_PHASE						
field_map	1100	1226	-20	30	15.55029126	15.55029126	0	0	highbeta
DRIFT	89.423	30
SET_SYNC_PHASE							
field_map	1100	1226	-20	30	17.2821004	17.2821004	0	0	highbeta
DRIFT	221.426	30
SET_SYNC_PHASE							
field_map	1100	1226	-20	30	15.24593215	15.24593215	0	0	highbeta
DRIFT	681.214	30
  QUAD  380.00000    6.43579   30
 DRIFT  535.24000   30
  QUAD  380.00000   -6.43579   30 
DRIFT	478.271	30
SET_SYNC_PHASE						
field_map	1100	1226	-20	30	15.32869363	15.32869363	0	0	highbeta
DRIFT	221.426	30
SET_SYNC_PHASE						
field_map	1100	1226	-20	30	14.82029836	14.82029836	0	0	highbeta
DRIFT	89.423	30
SET_SYNC_PHASE							
field_map	1100	1226	-20	30	16.82567318	16.82567318	0	0	highbeta
DRIFT	221.426	30
SET_SYNC_PHASE							
field_map	1100	1226	-20	30	14.32279112	14.32279112	0	0	highbeta
DRIFT	681.214	30
  QUAD  380.00000    6.46737  30
 DRIFT  535.24000   30
  QUAD  380.00000   -6.46737   30
DRIFT	478.271	30
SET_SYNC_PHASE						
field_map	1100	1226	-20	30	15.54253038	15.54253038	0	0	highbeta
DRIFT	221.426	30
SET_SYNC_PHASE						
field_map	1100	1226	-20	30	14.24731951	14.24731951	0	0	highbeta
DRIFT	89.423	30
SET_SYNC_PHASE							
field_map	1100	1226	-20	30	15.54253038	15.54253038	0	0	highbeta
DRIFT	221.426	30
SET_SYNC_PHASE							
field_map	1100	1226	-20	30	14.24731951	14.24731951	0	0	highbeta
DRIFT	681.214	30
  QUAD  380.00000    6.47053   30
 DRIFT  535.24000   30
  QUAD  380.00000   -6.47053   30  
DRIFT	478.271	30
SET_SYNC_PHASE						
field_map	1100	1226	-20	30	17.48534668	17.48534668	0	0	highbeta
DRIFT	221.426	30
SET_SYNC_PHASE						
field_map	1100	1226	-20	30	17.48534668	17.48534668	0	0	highbeta
DRIFT	89.423	30
SET_SYNC_PHASE							
field_map	1100	1226	-20	30	17.48534668	17.48534668	0	0	highbeta
DRIFT	221.426	30
SET_SYNC_PHASE							
field_map	1100	1226	-20	30	17.48534668	17.48534668	0	0	highbeta
DRIFT	681.214	30
  QUAD  380.00000    6.45474   30
 DRIFT  535.24000  30 
  QUAD  380.00000   -6.45474   30
DRIFT	478.271	30
SET_SYNC_PHASE						
field_map	1100	1226	-20	30	16.2935985	16.2935985	0	0	highbeta
DRIFT	221.426	30
SET_SYNC_PHASE						
field_map	1100	1226	-20	30	14.27273423	14.27273423	0	0	highbeta
DRIFT	89.423	30
SET_SYNC_PHASE							
field_map	1100	1226	-20	30	13.71193146	13.71193146	0	0	highbeta
DRIFT	221.426	30
SET_SYNC_PHASE							
field_map	1100	1226	-20	30	16.80975117	16.80975117	0	0	highbeta
DRIFT	681.214	30
  QUAD  380.00000    6.42526   30
 DRIFT  535.24000  30
  QUAD  380.00000   -6.42526   30
DRIFT	478.271	30   



SET_SYNC_PHASE						
field_map	1100	1226	-20	30	17.55506962	17.55506962	0	0	highbeta
DRIFT	221.426	30
SET_SYNC_PHASE						
field_map	1100	1226	-20	30	16.73610143	16.73610143	0	0	highbeta
DRIFT	89.423	30
SET_SYNC_PHASE							
field_map	1100	1226	-20	30	13.32502719	13.32502719	0	0	highbeta
DRIFT	221.426	30
SET_SYNC_PHASE							
field_map	1100	1226	-20	30	16.90361783	16.90361783	0	0	highbeta
DRIFT	681.214	30
  QUAD  380.00000    6.38842   30
 DRIFT  535.24000  30
  QUAD  380.00000   -6.38842   30  
 DRIFT	478.271	30
SET_SYNC_PHASE						
field_map	1100	1226	-20	30	16.95008827	16.95008827	0	0	highbeta
DRIFT	221.426	30
SET_SYNC_PHASE						
field_map	1100	1226	-20	30	14.61185643	14.61185643	0	0	highbeta
DRIFT	89.423	30
SET_SYNC_PHASE							
field_map	1100	1226	-20	30	16.99467761	16.99467761	0	0	highbeta
DRIFT	221.426	30
SET_SYNC_PHASE							
field_map	1100	1226	-20	30	17.09625937	17.09625937	0	0	highbeta
DRIFT	681.214	30
  QUAD  380.00000    6.34632   30
 DRIFT  535.24000   30
  QUAD  380.00000   -6.34632   30
;----------upgrade section    
DRIFT	478.271	30
SET_SYNC_PHASE						
field_map	1100	1226	-20	30	20.72915603	20.72915603	0	0	highbeta
DRIFT	221.426	30
SET_SYNC_PHASE						
field_map	1100	1226	-20	30	20.72915603	20.72915603	0	0	highbeta
DRIFT	89.423	30
SET_SYNC_PHASE							
field_map	1100	1226	-20	30	20.72915603	20.72915603	0	0	highbeta
DRIFT	221.426	30
SET_SYNC_PHASE							
field_map	1100	1226	-20	30	20.72915603	20.72915603	0	0	highbeta
DRIFT	681.214	30							
QUAD	380	6.34632	30						
DRIFT	535.24	30							
QUAD	380	-6.34632	30						
DRIFT	478.271	30
SET_SYNC_PHASE						
field_map	1100	1226	-20	30	20.72915603	20.72915603	0	0	highbeta
DRIFT	221.426	30
SET_SYNC_PHASE						
field_map	1100	1226	-20	30	20.72915603	20.72915603	0	0	highbeta
DRIFT	89.423	30
SET_SYNC_PHASE							
field_map	1100	1226	-20	30	20.72915603	20.72915603	0	0	highbeta
DRIFT	221.426	30
SET_SYNC_PHASE							
field_map	1100	1226	-20	30	20.72915603	20.72915603	0	0	highbeta
DRIFT	681.214	30							
QUAD	380	6.34632	30						
DRIFT	535.24	30							
QUAD	380	-6.34632	30						
DRIFT	478.271	30
SET_SYNC_PHASE						
field_map	1100	1226	-20	30	20.72915603	20.72915603	0	0	highbeta
DRIFT	221.426	30
SET_SYNC_PHASE						
field_map	1100	1226	-20	30	20.72915603	20.72915603	0	0	highbeta
DRIFT	89.423	30
SET_SYNC_PHASE							
field_map	1100	1226	-20	30	20.72915603	20.72915603	0	0	highbeta
DRIFT	221.426	30
SET_SYNC_PHASE							
field_map	1100	1226	-20	30	20.72915603	20.72915603	0	0	highbeta
DRIFT	681.214	30						
QUAD	380	6.34632	30						
DRIFT	535.24	30							
QUAD	380	-6.34632	30						
DRIFT	478.271	30
SET_SYNC_PHASE						
field_map	1100	1226	-20	30	20.72915603	20.72915603	0	0	highbeta
DRIFT	221.426	30
SET_SYNC_PHASE						
field_map	1100	1226	-20	30	20.72915603	20.72915603	0	0	highbeta
DRIFT	89.423	30
SET_SYNC_PHASE							
field_map	1100	1226	-20	30	20.72915603	20.72915603	0	0	highbeta
DRIFT	221.426	30
SET_SYNC_PHASE							
field_map	1100	1226	-20	30	20.72915603	20.72915603	0	0	highbeta
DRIFT	681.214	30						
QUAD	380	6.34632	30						
DRIFT	535.24	30							
QUAD	380	-6.34632	30						
DRIFT	478.271	30
SET_SYNC_PHASE						
field_map	1100	1226	-20	30	20.72915603	20.72915603	0	0	highbeta
DRIFT	221.426	30
SET_SYNC_PHASE						
field_map	1100	1226	-20	30	20.72915603	20.72915603	0	0	highbeta
DRIFT	89.423	30
SET_SYNC_PHASE							
field_map	1100	1226	-20	30	20.72915603	20.72915603	0	0	highbeta
DRIFT	221.426	30
SET_SYNC_PHASE							
field_map	1100	1226	-20	30	20.72915603	20.72915603	0	0	highbeta
DRIFT	681.214	30							
QUAD	380	6.34632	30						
DRIFT	535.24	30							
QUAD	380	-6.34632	30						
DRIFT	478.271	30
SET_SYNC_PHASE						
field_map	1100	1226	-20	30	20.72915603	20.72915603	0	0	highbeta
DRIFT	221.426	30
SET_SYNC_PHASE						
field_map	1100	1226	-20	30	20.72915603	20.72915603	0	0	highbeta
DRIFT	89.423	30
SET_SYNC_PHASE							
field_map	1100	1226	-20	30	20.72915603	20.72915603	0	0	highbeta
DRIFT	221.426	30
SET_SYNC_PHASE							
field_map	1100	1226	-20	30	20.72915603	20.72915603	0	0	highbeta
DRIFT	681.214	30							
QUAD	380	6.34632	30						
DRIFT	535.24	30							
QUAD	380	-6.34632	30													
DRIFT	478.271	30
SET_SYNC_PHASE						
field_map	1100	1226	-20	30	20.72915603	20.72915603	0	0	highbeta
DRIFT	221.426	30
SET_SYNC_PHASE						
field_map	1100	1226	-20	30	20.72915603	20.72915603	0	0	highbeta
DRIFT	89.423	30
SET_SYNC_PHASE							
field_map	1100	1226	-20	30	20.72915603	20.72915603	0	0	highbeta
DRIFT	221.426	30
SET_SYNC_PHASE							
field_map	1100	1226	-20	30	20.72915603	20.72915603	0	0	highbeta
DRIFT	681.214	30							
QUAD	380	6.34632	30						
DRIFT	535.24	30							
QUAD	380	-6.34632	30						
DRIFT	638.271	30							
																												
end