;-------CCL of SNS linac------------
FREQ 805 
;------CCL TANK one----------
lattice 22 1
DRIFT  9.5195   15.00000 
MATCH_FAM_GRAD 2 0
QUAD   60.75000   42.34000   15.00000
DRIFT   25.25650   15.00000 
DTL_CEL   75.22300    0.00000    0.00000   -0.16300    0.00000    0.00000 202969.14870  -30.92300   15.00000    0.00000
DTL_CEL   75.22300    0.00000    0.00000    0.00000    0.00000    0.00000 204322.98250  -30.06900   15.00000    0.00000
DTL_CEL   75.22300    0.00000    0.00000    0.00000    0.00000    0.00000 204333.78950  -29.76300   15.00000    0.00000
DTL_CEL   75.22300    0.00000    0.00000    0.00000    0.00000    0.00000 204344.57130  -29.62100   15.00000    0.00000
DTL_CEL   75.22300    0.00000    0.00000    0.00000    0.00000    0.00000 204355.31390  -29.63800   15.00000    0.00000
DTL_CEL   75.22300    0.00000    0.00000    0.00000    0.00000    0.00000 204365.99670  -29.81200   15.00000    0.00000
DTL_CEL   75.22300    0.00000    0.00000    0.00000    0.00000    0.00000 204376.60580  -30.14700   15.00000    0.00000
DTL_CEL   75.22300    0.00000    0.00000    0.15900    0.00000    0.00000 203074.33970  -30.25700   15.00000    0.00000
 DRIFT  217.59350   15.00000 
MATCH_FAM_GRAD 2 0
  QUAD   97.69000  -24.79000   15.00000
 DRIFT   62.20350   15.00000 
DTL_CEL   75.76100    0.00000    0.00000   -0.15900    0.00000    0.00000 210470.52240  -30.99100   15.00000    0.00000
DTL_CEL   75.76100    0.00000    0.00000    0.00000    0.00000    0.00000 211837.63530  -30.13900   15.00000    0.00000
DTL_CEL   75.76100    0.00000    0.00000    0.00000    0.00000    0.00000 211848.75880  -29.82900   15.00000    0.00000
DTL_CEL   75.76100    0.00000    0.00000    0.00000    0.00000    0.00000 211859.85610  -29.68100   15.00000    0.00000
DTL_CEL   75.76100    0.00000    0.00000    0.00000    0.00000    0.00000 211870.90810  -29.69900   15.00000    0.00000
DTL_CEL   75.76100    0.00000    0.00000    0.00000    0.00000    0.00000 211881.89560  -29.87600   15.00000    0.00000
DTL_CEL   75.76100    0.00000    0.00000    0.00000    0.00000    0.00000 211892.80450  -30.21400   15.00000    0.00000
DTL_CEL   75.76100    0.00000    0.00000    0.15600    0.00000    0.00000 210579.29340  -30.34400   15.00000    0.00000
 DRIFT  174.44650   15.00000 
MATCH_FAM_GRAD 2 0
  QUAD   97.69000   25.67000   15.00000
 DRIFT  108.07200   15.00000 
DTL_CEL   76.31200    0.00000    0.00000   -0.15500    0.00000    0.00000 218108.51470  -31.04600   15.00000    0.00000
DTL_CEL   76.31200    0.00000    0.00000    0.00000    0.00000    0.00000 219486.79440  -30.19700   15.00000    0.00000
DTL_CEL   76.31200    0.00000    0.00000    0.00000    0.00000    0.00000 219498.20360  -29.87900   15.00000    0.00000
DTL_CEL   76.31200    0.00000    0.00000    0.00000    0.00000    0.00000 219509.58080  -29.72900   15.00000    0.00000
DTL_CEL   76.31200    0.00000    0.00000    0.00000    0.00000    0.00000 219520.90850  -29.74200   15.00000    0.00000
DTL_CEL   76.31200    0.00000    0.00000    0.00000    0.00000    0.00000 219532.16950  -29.92200   15.00000    0.00000
DTL_CEL   76.31200    0.00000    0.00000    0.00000    0.00000    0.00000 219543.34400  -30.26400   15.00000    0.00000
DTL_CEL   76.31200    0.00000    0.00000    0.15200    0.00000    0.00000 218220.62320  -30.41100   15.00000    0.00000
 DRIFT  174.44650   15.00000 
MATCH_FAM_GRAD 2 0
  QUAD   97.69000  -24.05000   15.00000
 DRIFT  108.07200   15.00000 
DTL_CEL   76.87500    0.00000    0.00000   -0.15200    0.00000    0.00000 225869.32630  -31.07900   15.00000    0.00000
DTL_CEL   76.87500    0.00000    0.00000    0.00000    0.00000    0.00000 227256.52490  -30.23100   15.00000    0.00000
DTL_CEL   76.87500    0.00000    0.00000    0.00000    0.00000    0.00000 227268.17980  -29.90800   15.00000    0.00000
DTL_CEL   76.87500    0.00000    0.00000    0.00000    0.00000    0.00000 227279.79880  -29.75100   15.00000    0.00000
DTL_CEL   76.87500    0.00000    0.00000    0.00000    0.00000    0.00000 227291.36420  -29.76400   15.00000    0.00000
DTL_CEL   76.87500    0.00000    0.00000    0.00000    0.00000    0.00000 227302.85800  -29.94400   15.00000    0.00000
DTL_CEL   76.87500    0.00000    0.00000    0.00000    0.00000    0.00000 227314.25720  -30.29100   15.00000    0.00000
DTL_CEL   76.87500    0.00000    0.00000    0.14800    0.00000    0.00000 225984.46360  -30.45700   15.00000    0.00000
 DRIFT  123.89850   15.00000 
;MATCH_FAM_GRAD 2 0
  QUAD   97.69000   21.81431   15.00000
 DRIFT  164.26100   15.00000 
DTL_CEL   77.45200    0.00000    0.00000   -0.14800    0.00000    0.00000 233775.64770  -31.08600   15.00000    0.00000
DTL_CEL   77.45200    0.00000    0.00000    0.00000    0.00000    0.00000 235169.63980  -30.23900   15.00000    0.00000
DTL_CEL   77.45200    0.00000    0.00000    0.00000    0.00000    0.00000 235181.49730  -29.90800   15.00000    0.00000
DTL_CEL   77.45200    0.00000    0.00000    0.00000    0.00000    0.00000 235193.31770  -29.74800   15.00000    0.00000
DTL_CEL   77.45200    0.00000    0.00000    0.00000    0.00000    0.00000 235205.07730  -29.75800   15.00000    0.00000
DTL_CEL   77.45200    0.00000    0.00000    0.00000    0.00000    0.00000 235216.75760  -29.93700   15.00000    0.00000
DTL_CEL   77.45200    0.00000    0.00000    0.00000    0.00000    0.00000 235228.34000  -30.28600   15.00000    0.00000
DTL_CEL   77.45200    0.00000    0.00000    0.14500    0.00000    0.00000 233893.49240  -30.46600   15.00000    0.00000
 DRIFT  116.45500   15.00000 
;MATCH_FAM_GRAD 2 0
  QUAD   97.69000  -21.60221   15.00000
 DRIFT  174.62150   15.00000 
DTL_CEL   78.04100    0.00000    0.00000   -0.14400    0.00000    0.00000 241810.33400  -31.05700   15.00000    0.00000
DTL_CEL   78.04100    0.00000    0.00000    0.00000    0.00000    0.00000 243208.86620  -30.21400   15.00000    0.00000
DTL_CEL   78.04100    0.00000    0.00000    0.00000    0.00000    0.00000 243220.88080  -29.87700   15.00000    0.00000
DTL_CEL   78.04100    0.00000    0.00000    0.00000    0.00000    0.00000 243232.85170  -29.71300   15.00000    0.00000
DTL_CEL   78.04100    0.00000    0.00000    0.00000    0.00000    0.00000 243244.75960  -29.72100   15.00000    0.00000
DTL_CEL   78.04100    0.00000    0.00000    0.00000    0.00000    0.00000 243256.58280  -29.90000   15.00000    0.00000
DTL_CEL   78.04100    0.00000    0.00000    0.00000    0.00000    0.00000 243268.29940  -30.25200   15.00000    0.00000
DTL_CEL   78.04100    0.00000    0.00000    0.14100    0.00000    0.00000 241930.51570  -30.45000   15.00000    0.00000
 DRIFT  120.87150   15.00000 
  QUAD   97.69000   21.38520   15.00000
 DRIFT  173.18350   15.00000 
DTL_CEL   78.64300    0.00000    0.00000   -0.14100    0.00000    0.00000 249992.93990  -31.00800   15.00000    0.00000
DTL_CEL   78.64300    0.00000    0.00000    0.00000    0.00000    0.00000 251393.86300  -30.16800   15.00000    0.00000
DTL_CEL   78.64300    0.00000    0.00000    0.00000    0.00000    0.00000 251405.98620  -29.82400   15.00000    0.00000
DTL_CEL   78.64300    0.00000    0.00000    0.00000    0.00000    0.00000 251418.05850  -29.65600   15.00000    0.00000
DTL_CEL   78.64300    0.00000    0.00000    0.00000    0.00000    0.00000 251430.06300  -29.66300   15.00000    0.00000
DTL_CEL   78.64300    0.00000    0.00000    0.00000    0.00000    0.00000 251441.97710  -29.84400   15.00000    0.00000
DTL_CEL   78.64300    0.00000    0.00000    0.00000    0.00000    0.00000 251453.78100  -30.20100   15.00000    0.00000
DTL_CEL   78.64300    0.00000    0.00000    0.13800    0.00000    0.00000 250115.07260  -30.41300   15.00000    0.00000
 DRIFT  120.87150   15.00000 
  QUAD   97.69000  -21.16327   15.00000
 DRIFT  176.22350   15.00000 
DTL_CEL   79.25700    0.00000    0.00000   -0.13700    0.00000    0.00000 258308.89810  -30.94400   15.00000    0.00000
DTL_CEL   79.25700    0.00000    0.00000    0.00000    0.00000    0.00000 259709.98390  -30.10500   15.00000    0.00000
DTL_CEL   79.25700    0.00000    0.00000    0.00000    0.00000    0.00000 259722.15910  -29.75600   15.00000    0.00000
DTL_CEL   79.25700    0.00000    0.00000    0.00000    0.00000    0.00000 259734.28180  -29.58500   15.00000    0.00000
DTL_CEL   79.25700    0.00000    0.00000    0.00000    0.00000    0.00000 259746.32860  -29.59400   15.00000    0.00000
DTL_CEL   79.25700    0.00000    0.00000    0.00000    0.00000    0.00000 259758.28200  -29.77600   15.00000    0.00000
DTL_CEL   79.25700    0.00000    0.00000    0.00000    0.00000    0.00000 259770.11880  -30.13500   15.00000    0.00000
DTL_CEL   79.25700    0.00000    0.00000    0.13400    0.00000    0.00000 258432.56100  -30.36400   15.00000    0.00000
 DRIFT  120.87150   15.00000 
  QUAD   97.69000   20.93725   15.00000
 DRIFT  179.32450   15.00000 
DTL_CEL   79.88300    0.00000    0.00000   -0.13400    0.00000    0.00000 266774.52110  -30.87200   15.00000    0.00000
DTL_CEL   79.88300    0.00000    0.00000    0.00000    0.00000    0.00000 268173.63290  -30.03700   15.00000    0.00000
DTL_CEL   79.88300    0.00000    0.00000    0.00000    0.00000    0.00000 268185.80580  -29.68400   15.00000    0.00000
DTL_CEL   79.88300    0.00000    0.00000    0.00000    0.00000    0.00000 268197.92440  -29.51300   15.00000    0.00000
DTL_CEL   79.88300    0.00000    0.00000    0.00000    0.00000    0.00000 268209.96170  -29.52000   15.00000    0.00000
DTL_CEL   79.88300    0.00000    0.00000    0.00000    0.00000    0.00000 268221.89670  -29.70500   15.00000    0.00000
DTL_CEL   79.88300    0.00000    0.00000    0.00000    0.00000    0.00000 268233.71110  -30.06800   15.00000    0.00000
DTL_CEL   79.88300    0.00000    0.00000    0.13100    0.00000    0.00000 266899.29720  -30.31300   15.00000    0.00000
 DRIFT  120.87050   15.00000 
  QUAD   97.69000  -20.70714   15.00000
 DRIFT  182.49550   15.00000 
DTL_CEL   80.51300    0.00000    0.00000   -0.13100    0.00000    0.00000 269164.33280  -30.79300   15.00000    0.00000
DTL_CEL   80.51300    0.00000    0.00000    0.00000    0.00000    0.00000 270527.53200  -29.97500   15.00000    0.00000
DTL_CEL   80.51300    0.00000    0.00000    0.00000    0.00000    0.00000 270539.11190  -29.62700   15.00000    0.00000
DTL_CEL   80.51300    0.00000    0.00000    0.00000    0.00000    0.00000 270550.63410  -29.45800   15.00000    0.00000
DTL_CEL   80.51300    0.00000    0.00000    0.00000    0.00000    0.00000 270562.07430  -29.46700   15.00000    0.00000
DTL_CEL   80.51300    0.00000    0.00000    0.00000    0.00000    0.00000 270573.41430  -29.65000   15.00000    0.00000
DTL_CEL   80.51300    0.00000    0.00000    0.00000    0.00000    0.00000 270584.63880  -30.01100   15.00000    0.00000
DTL_CEL   80.51300    0.00000    0.00000    0.12700    0.00000    0.00000 269284.24070  -30.26100   15.00000    0.00000
 DRIFT  120.87150   15.00000 
  QUAD   97.69000   20.47784   15.00000
 DRIFT  185.64050   15.00000 
DTL_CEL   81.14100    0.00000    0.00000   -0.12700    0.00000    0.00000 271401.28460  -30.72800   15.00000    0.00000
DTL_CEL   81.14100    0.00000    0.00000    0.00000    0.00000    0.00000 272728.28290  -29.92900   15.00000    0.00000
DTL_CEL   81.14100    0.00000    0.00000    0.00000    0.00000    0.00000 272739.25530  -29.58800   15.00000    0.00000
DTL_CEL   81.14100    0.00000    0.00000    0.00000    0.00000    0.00000 272750.16640  -29.42300   15.00000    0.00000
DTL_CEL   81.14100    0.00000    0.00000    0.00000    0.00000    0.00000 272761.00110  -29.43200   15.00000    0.00000
DTL_CEL   81.14100    0.00000    0.00000    0.00000    0.00000    0.00000 272771.73780  -29.61600   15.00000    0.00000
DTL_CEL   81.14100    0.00000    0.00000    0.00000    0.00000    0.00000 272782.35520  -29.97300   15.00000    0.00000
DTL_CEL   81.14100    0.00000    0.00000    0.12400    0.00000    0.00000 271516.20860  -30.22900   15.00000    0.00000
 DRIFT  120.87150   15.00000 
  QUAD   97.69000  -20.25018   15.00000
 DRIFT  188.77050   15.00000 
DTL_CEL   81.76500    0.00000    0.00000   -0.12400    0.00000    0.00000 273620.18090  -30.69100   15.00000    0.00000
DTL_CEL   81.76500    0.00000    0.00000    0.00000    0.00000    0.00000 274911.43310  -29.91000   15.00000    0.00000
DTL_CEL   81.76500    0.00000    0.00000    0.00000    0.00000    0.00000 274921.79900  -29.57400   15.00000    0.00000
DTL_CEL   81.76500    0.00000    0.00000    0.00000    0.00000    0.00000 274932.10630  -29.41300   15.00000    0.00000
DTL_CEL   81.76500    0.00000    0.00000    0.00000    0.00000    0.00000 274942.33340  -29.42600   15.00000    0.00000
DTL_CEL   81.76500    0.00000    0.00000    0.00000    0.00000    0.00000 274952.46500  -29.60800   15.00000    0.00000
DTL_CEL   81.76500    0.00000    0.00000    0.00000    0.00000    0.00000 274962.48540  -29.96400   15.00000    0.00000
DTL_CEL   81.76500    0.00000    0.00000    0.12100    0.00000    0.00000 273730.13490  -30.22200   15.00000    0.00000
 DRIFT  120.87150   15.00000 
  QUAD   97.69000   20.02334   15.00000
 DRIFT  191.88050   15.00000 
DTL_CEL   82.38700    0.00000    0.00000   -0.12100    0.00000    0.00000 275860.27900  -30.83400   15.00000    0.00000
DTL_CEL   82.38700    0.00000    0.00000    0.00000    0.00000    0.00000 277070.60440  -30.06900   15.00000    0.00000
DTL_CEL   82.38700    0.00000    0.00000    0.00000    0.00000    0.00000 277080.56130  -29.74100   15.00000    0.00000
DTL_CEL   82.38700    0.00000    0.00000    0.00000    0.00000    0.00000 277090.47470  -29.58200   15.00000    0.00000
DTL_CEL   82.38700    0.00000    0.00000    0.00000    0.00000    0.00000 277100.32900  -29.59600   15.00000    0.00000
DTL_CEL   82.38700    0.00000    0.00000    0.00000    0.00000    0.00000 277110.10870  -29.77700   15.00000    0.00000
DTL_CEL   82.38700    0.00000    0.00000    0.00000    0.00000    0.00000 277119.79830  -30.12700   15.00000    0.00000
DTL_CEL   82.38700    0.00000    0.00000    0.11800    0.00000    0.00000 275960.36050  -30.39000   15.00000    0.00000
 DRIFT  120.87350   15.00000 
  QUAD   97.69000  -19.79732   15.00000
 DRIFT  194.97950   15.00000 
DTL_CEL   83.00500    0.00000    0.00000   -0.11800    0.00000    0.00000 278044.28810  -30.83200   15.00000    0.00000
DTL_CEL   83.00500    0.00000    0.00000    0.00000    0.00000    0.00000 279227.16040  -30.08100   15.00000    0.00000
DTL_CEL   83.00500    0.00000    0.00000    0.00000    0.00000    0.00000 279236.67230  -29.75600   15.00000    0.00000
DTL_CEL   83.00500    0.00000    0.00000    0.00000    0.00000    0.00000 279246.14020  -29.59900   15.00000    0.00000
DTL_CEL   83.00500    0.00000    0.00000    0.00000    0.00000    0.00000 279255.54870  -29.61000   15.00000    0.00000
DTL_CEL   83.00500    0.00000    0.00000    0.00000    0.00000    0.00000 279264.88520  -29.79100   15.00000    0.00000
DTL_CEL   83.00500    0.00000    0.00000    0.00000    0.00000    0.00000 279274.12780  -30.13600   15.00000    0.00000
DTL_CEL   83.00500    0.00000    0.00000    0.11500    0.00000    0.00000 278140.37060  -30.39900   15.00000    0.00000
 DRIFT  120.87350   15.00000 
  QUAD   97.69000   19.57294   15.00000
 DRIFT  198.06100   15.00000 
DTL_CEL   83.62000    0.00000    0.00000   -0.11500    0.00000    0.00000 280214.49870  -30.82300   15.00000    0.00000
DTL_CEL   83.62000    0.00000    0.00000    0.00000    0.00000    0.00000 281370.63840  -30.08700   15.00000    0.00000
DTL_CEL   83.62000    0.00000    0.00000    0.00000    0.00000    0.00000 281379.70340  -29.76700   15.00000    0.00000
DTL_CEL   83.62000    0.00000    0.00000    0.00000    0.00000    0.00000 281388.72430  -29.61100   15.00000    0.00000
DTL_CEL   83.62000    0.00000    0.00000    0.00000    0.00000    0.00000 281397.68520  -29.62100   15.00000    0.00000
DTL_CEL   83.62000    0.00000    0.00000    0.00000    0.00000    0.00000 281406.57360  -29.79900   15.00000    0.00000
DTL_CEL   83.62000    0.00000    0.00000    0.00000    0.00000    0.00000 281415.37370  -30.13900   15.00000    0.00000
DTL_CEL   83.62000    0.00000    0.00000    0.11300    0.00000    0.00000 280306.56500  -30.40300   15.00000    0.00000
 DRIFT  120.87400   15.00000 
  QUAD   97.69000  -19.34937   15.00000
 DRIFT  201.12750   15.00000 
DTL_CEL   84.23100    0.00000    0.00000   -0.11200    0.00000    0.00000 282367.49300  -30.81000   15.00000    0.00000
DTL_CEL   84.23100    0.00000    0.00000    0.00000    0.00000    0.00000 283497.62390  -30.08800   15.00000    0.00000
DTL_CEL   84.23100    0.00000    0.00000    0.00000    0.00000    0.00000 283506.24040  -29.77100   15.00000    0.00000
DTL_CEL   84.23100    0.00000    0.00000    0.00000    0.00000    0.00000 283514.81250  -29.61800   15.00000    0.00000
DTL_CEL   84.23100    0.00000    0.00000    0.00000    0.00000    0.00000 283523.32420  -29.62900   15.00000    0.00000
DTL_CEL   84.23100    0.00000    0.00000    0.00000    0.00000    0.00000 283531.76280  -29.80100   15.00000    0.00000
DTL_CEL   84.23100    0.00000    0.00000    0.00000    0.00000    0.00000 283540.11570  -30.13800   15.00000    0.00000
DTL_CEL   84.23100    0.00000    0.00000    0.11000    0.00000    0.00000 282455.52670  -30.40200   15.00000    0.00000
 DRIFT  120.87350   15.00000 
  QUAD   97.69000   19.12663   15.00000
 DRIFT  204.17650   15.00000 
DTL_CEL   84.83900    0.00000    0.00000   -0.11000    0.00000    0.00000 284506.55560  -30.79700   15.00000    0.00000
DTL_CEL   84.83900    0.00000    0.00000    0.00000    0.00000    0.00000 285611.43150  -30.08600   15.00000    0.00000
DTL_CEL   84.83900    0.00000    0.00000    0.00000    0.00000    0.00000 285619.59820  -29.77300   15.00000    0.00000
DTL_CEL   84.83900    0.00000    0.00000    0.00000    0.00000    0.00000 285627.72010  -29.62000   15.00000    0.00000
DTL_CEL   84.83900    0.00000    0.00000    0.00000    0.00000    0.00000 285635.78130  -29.63100   15.00000    0.00000
DTL_CEL   84.83900    0.00000    0.00000    0.00000    0.00000    0.00000 285643.77200  -29.80400   15.00000    0.00000
DTL_CEL   84.83900    0.00000    0.00000    0.00000    0.00000    0.00000 285651.67630  -30.13500   15.00000    0.00000
DTL_CEL   84.83900    0.00000    0.00000    0.10800    0.00000    0.00000 284590.53980  -30.39900   15.00000    0.00000
 DRIFT  120.87450   15.00000 
  QUAD   97.69000  -18.90552   15.00000
 DRIFT  207.20950   15.00000 
DTL_CEL   85.44500    0.00000    0.00000   -0.10700    0.00000    0.00000 286634.97540  -30.77600   15.00000    0.00000
DTL_CEL   85.44500    0.00000    0.00000    0.00000    0.00000    0.00000 287715.38450  -30.08100   15.00000    0.00000
DTL_CEL   85.44500    0.00000    0.00000    0.00000    0.00000    0.00000 287723.10040  -29.76900   15.00000    0.00000
DTL_CEL   85.44500    0.00000    0.00000    0.00000    0.00000    0.00000 287730.77110  -29.61800   15.00000    0.00000
DTL_CEL   85.44500    0.00000    0.00000    0.00000    0.00000    0.00000 287738.38380  -29.62900   15.00000    0.00000
DTL_CEL   85.44500    0.00000    0.00000    0.00000    0.00000    0.00000 287745.92230  -29.79700   15.00000    0.00000
DTL_CEL   85.44500    0.00000    0.00000    0.00000    0.00000    0.00000 287753.38030  -30.12600   15.00000    0.00000
DTL_CEL   85.44500    0.00000    0.00000    0.10500    0.00000    0.00000 286714.90540  -30.39000   15.00000    0.00000
 DRIFT  120.87350   15.00000 
  QUAD   97.69000   18.68605   15.00000
 DRIFT  210.22700   15.00000 
DTL_CEL   86.04600    0.00000    0.00000   -0.10400    0.00000    0.00000 288742.63550  -30.75200   15.00000    0.00000
DTL_CEL   86.04600    0.00000    0.00000    0.00000    0.00000    0.00000 289799.34610  -30.07000   15.00000    0.00000
DTL_CEL   86.04600    0.00000    0.00000    0.00000    0.00000    0.00000 289806.60990  -29.76400   15.00000    0.00000
DTL_CEL   86.04600    0.00000    0.00000    0.00000    0.00000    0.00000 289813.82820  -29.61400   15.00000    0.00000
DTL_CEL   86.04600    0.00000    0.00000    0.00000    0.00000    0.00000 289820.98820  -29.62400   15.00000    0.00000
DTL_CEL   86.04600    0.00000    0.00000    0.00000    0.00000    0.00000 289828.07670  -29.79000   15.00000    0.00000
DTL_CEL   86.04600    0.00000    0.00000    0.00000    0.00000    0.00000 289835.08730  -30.11400   15.00000    0.00000
DTL_CEL   86.04600    0.00000    0.00000    0.10300    0.00000    0.00000 288818.49940  -30.37900   15.00000    0.00000
 DRIFT  120.87400   15.00000 
  QUAD   97.69000  -18.46740   15.00000
 DRIFT  213.22750   15.00000 
DTL_CEL   86.64500    0.00000    0.00000   -0.10200    0.00000    0.00000 290839.54990  -30.72900   15.00000    0.00000
DTL_CEL   86.64500    0.00000    0.00000    0.00000    0.00000    0.00000 291873.37560  -30.05700   15.00000    0.00000
DTL_CEL   86.64500    0.00000    0.00000    0.00000    0.00000    0.00000 291880.18990  -29.75400   15.00000    0.00000
DTL_CEL   86.64500    0.00000    0.00000    0.00000    0.00000    0.00000 291886.95850  -29.60700   15.00000    0.00000
DTL_CEL   86.64500    0.00000    0.00000    0.00000    0.00000    0.00000 291893.66490  -29.61600   15.00000    0.00000
DTL_CEL   86.64500    0.00000    0.00000    0.00000    0.00000    0.00000 291900.30600  -29.78100   15.00000    0.00000
DTL_CEL   86.64500    0.00000    0.00000    0.00000    0.00000    0.00000 291906.86540  -30.10000   15.00000    0.00000
DTL_CEL   86.64500    0.00000    0.00000    0.10000    0.00000    0.00000 290911.35010  -30.36600   15.00000    0.00000
 DRIFT  120.87350   15.00000 
  QUAD   97.69000   18.24957   15.00000
 DRIFT  216.21100   15.00000 
DTL_CEL   87.24000    0.00000    0.00000   -0.10000    0.00000    0.00000 292918.96290  -30.70600   15.00000    0.00000
DTL_CEL   87.24000    0.00000    0.00000    0.00000    0.00000    0.00000 293930.71270  -30.04600   15.00000    0.00000
DTL_CEL   87.24000    0.00000    0.00000    0.00000    0.00000    0.00000 293937.07690  -29.74500   15.00000    0.00000
DTL_CEL   87.24000    0.00000    0.00000    0.00000    0.00000    0.00000 293943.39180  -29.60100   15.00000    0.00000
DTL_CEL   87.24000    0.00000    0.00000    0.00000    0.00000    0.00000 293949.65070  -29.61100   15.00000    0.00000
DTL_CEL   87.24000    0.00000    0.00000    0.00000    0.00000    0.00000 293955.84050  -29.77400   15.00000    0.00000
DTL_CEL   87.24000    0.00000    0.00000    0.00000    0.00000    0.00000 293961.95130  -30.09000   15.00000    0.00000
DTL_CEL   87.24000    0.00000    0.00000    0.09800    0.00000    0.00000 292986.69850  -30.35400   15.00000    0.00000
 DRIFT  120.87400   15.00000 
  QUAD   97.69000  -18.03337   15.00000
 DRIFT  219.17800   15.00000 
DTL_CEL   87.83200    0.00000    0.00000   -0.09700    0.00000    0.00000 294984.19010  -30.68400   15.00000    0.00000
DTL_CEL   87.83200    0.00000    0.00000    0.00000    0.00000    0.00000 295974.69780  -30.03500   15.00000    0.00000
DTL_CEL   87.83200    0.00000    0.00000    0.00000    0.00000    0.00000 295980.61160  -29.74000   15.00000    0.00000
DTL_CEL   87.83200    0.00000    0.00000    0.00000    0.00000    0.00000 295986.47890  -29.59700   15.00000    0.00000
DTL_CEL   87.83200    0.00000    0.00000    0.00000    0.00000    0.00000 295992.28670  -29.60700   15.00000    0.00000
DTL_CEL   87.83200    0.00000    0.00000    0.00000    0.00000    0.00000 295998.02810  -29.76800   15.00000    0.00000
DTL_CEL   87.83200    0.00000    0.00000    0.00000    0.00000    0.00000 296003.69340  -30.07900   15.00000    0.00000
DTL_CEL   87.83200    0.00000    0.00000    0.09600    0.00000    0.00000 295047.87300  -30.34500   15.00000    0.00000
 DRIFT  120.87400   15.00000 
  QUAD   97.69000   17.81800   15.00000
 DRIFT  222.12950   15.00000 
DTL_CEL   88.42100    0.00000    0.00000   -0.09500    0.00000    0.00000 297035.20440  -30.66500   15.00000    0.00000
DTL_CEL   88.42100    0.00000    0.00000    0.00000    0.00000    0.00000 298005.31230  -30.02900   15.00000    0.00000
DTL_CEL   88.42100    0.00000    0.00000    0.00000    0.00000    0.00000 298010.77880  -29.73700   15.00000    0.00000
DTL_CEL   88.42100    0.00000    0.00000    0.00000    0.00000    0.00000 298016.19520  -29.59600   15.00000    0.00000
DTL_CEL   88.42100    0.00000    0.00000    0.00000    0.00000    0.00000 298021.55490  -29.60700   15.00000    0.00000
DTL_CEL   88.42100    0.00000    0.00000    0.00000    0.00000    0.00000 298026.84800  -29.76600   15.00000    0.00000
DTL_CEL   88.42100    0.00000    0.00000    0.00000    0.00000    0.00000 298032.06760  -30.07400   15.00000    0.00000
DTL_CEL   88.42100    0.00000    0.00000    0.09400    0.00000    0.00000 297094.84510  -30.34000   15.00000    0.00000
 DRIFT  120.87350   15.00000 
  QUAD   97.69000  -17.60426   15.00000
 DRIFT  225.06500   15.00000 
DTL_CEL   89.00600    0.00000    0.00000   -0.09300    0.00000    0.00000 299068.62200  -30.65200   15.00000    0.00000
DTL_CEL   89.00600    0.00000    0.00000    0.00000    0.00000    0.00000 300019.16280  -30.02700   15.00000    0.00000
DTL_CEL   89.00600    0.00000    0.00000    0.00000    0.00000    0.00000 300024.18190  -29.74000   15.00000    0.00000
DTL_CEL   89.00600    0.00000    0.00000    0.00000    0.00000    0.00000 300029.15070  -29.60000   15.00000    0.00000
DTL_CEL   89.00600    0.00000    0.00000    0.00000    0.00000    0.00000 300034.06580  -29.61000   15.00000    0.00000
DTL_CEL   89.00600    0.00000    0.00000    0.00000    0.00000    0.00000 300038.91380  -29.76800   15.00000    0.00000
DTL_CEL   89.00600    0.00000    0.00000    0.00000    0.00000    0.00000 300043.69120  -30.07300   15.00000    0.00000
DTL_CEL   89.00600    0.00000    0.00000    0.09200    0.00000    0.00000 299124.22910  -30.33900   15.00000    0.00000
 DRIFT  120.87400   15.00000 
  QUAD   97.69000   17.39216   15.00000
 DRIFT  307.99100   15.00000 
DTL_CEL   89.58800    0.00000    0.00000   -0.09100    0.00000    0.00000 301114.09240  -30.67400   15.00000    0.00000
DTL_CEL   89.58800    0.00000    0.00000    0.00000    0.00000    0.00000 302029.40540  -30.06100   15.00000    0.00000
DTL_CEL   89.58800    0.00000    0.00000    0.00000    0.00000    0.00000 302033.85590  -29.77700   15.00000    0.00000
DTL_CEL   89.58800    0.00000    0.00000    0.00000    0.00000    0.00000 302038.26580  -29.63900   15.00000    0.00000
DTL_CEL   89.58800    0.00000    0.00000    0.00000    0.00000    0.00000 302042.62840  -29.64900   15.00000    0.00000
DTL_CEL   89.58800    0.00000    0.00000    0.00000    0.00000    0.00000 302046.94040  -29.80500   15.00000    0.00000
DTL_CEL   89.58800    0.00000    0.00000    0.00000    0.00000    0.00000 302051.19150  -30.10700   15.00000    0.00000
DTL_CEL   89.58800    0.00000    0.00000    0.09000    0.00000    0.00000 301158.08360  -30.37300   15.00000    0.00000
 DRIFT   40.86600   15.00000 
  QUAD   97.69000  -17.18006   15.00000
 DRIFT  310.89250   15.00000 
DTL_CEL   90.16700    0.00000    0.00000   -0.08900    0.00000    0.00000 303110.56260  -30.66700   15.00000    0.00000
DTL_CEL   90.16700    0.00000    0.00000    0.00000    0.00000    0.00000 304015.78550  -30.06400   15.00000    0.00000
DTL_CEL   90.16700    0.00000    0.00000    0.00000    0.00000    0.00000 304019.87700  -29.78300   15.00000    0.00000
DTL_CEL   90.16700    0.00000    0.00000    0.00000    0.00000    0.00000 304023.92440  -29.64800   15.00000    0.00000
DTL_CEL   90.16700    0.00000    0.00000    0.00000    0.00000    0.00000 304027.93080  -29.65700   15.00000    0.00000
DTL_CEL   90.16700    0.00000    0.00000    0.00000    0.00000    0.00000 304031.88290  -29.81100   15.00000    0.00000
DTL_CEL   90.16700    0.00000    0.00000    0.00000    0.00000    0.00000 304035.77720  -30.10900   15.00000    0.00000
DTL_CEL   90.16700    0.00000    0.00000    0.08800    0.00000    0.00000 303152.78040  -30.37400   15.00000    0.00000
 DRIFT   40.86650   15.00000 
  QUAD   97.69000   16.97042   15.00000
 DRIFT  313.77800   15.00000 
DTL_CEL   90.74200    0.00000    0.00000   -0.08800    0.00000    0.00000 305091.86930  -30.65800   15.00000    0.00000
DTL_CEL   90.74200    0.00000    0.00000    0.00000    0.00000    0.00000 305986.02140  -30.06400   15.00000    0.00000
DTL_CEL   90.74200    0.00000    0.00000    0.00000    0.00000    0.00000 305989.75560  -29.78700   15.00000    0.00000
DTL_CEL   90.74200    0.00000    0.00000    0.00000    0.00000    0.00000 305993.44540  -29.65200   15.00000    0.00000
DTL_CEL   90.74200    0.00000    0.00000    0.00000    0.00000    0.00000 305997.09070  -29.66200   15.00000    0.00000
DTL_CEL   90.74200    0.00000    0.00000    0.00000    0.00000    0.00000 306000.68460  -29.81300   15.00000    0.00000
DTL_CEL   90.74200    0.00000    0.00000    0.00000    0.00000    0.00000 306004.22380  -30.10800   15.00000    0.00000
DTL_CEL   90.74200    0.00000    0.00000    0.08600    0.00000    0.00000 305132.31640  -30.37300   15.00000    0.00000
 DRIFT   40.86600   15.00000 
  QUAD   97.69000  -16.76077   15.00000
 DRIFT  316.64700   15.00000 
DTL_CEL   91.31400    0.00000    0.00000   -0.08600    0.00000    0.00000 307061.35850  -30.64800   15.00000    0.00000
DTL_CEL   91.31400    0.00000    0.00000    0.00000    0.00000    0.00000 307943.47390  -30.06300   15.00000    0.00000
DTL_CEL   91.31400    0.00000    0.00000    0.00000    0.00000    0.00000 307946.84940  -29.79100   15.00000    0.00000
DTL_CEL   91.31400    0.00000    0.00000    0.00000    0.00000    0.00000 307950.18350  -29.65700   15.00000    0.00000
DTL_CEL   91.31400    0.00000    0.00000    0.00000    0.00000    0.00000 307953.47290  -29.66700   15.00000    0.00000
DTL_CEL   91.31400    0.00000    0.00000    0.00000    0.00000    0.00000 307956.71060  -29.81600   15.00000    0.00000
DTL_CEL   91.31400    0.00000    0.00000    0.00000    0.00000    0.00000 307959.89320  -30.10700   15.00000    0.00000
DTL_CEL   91.31400    0.00000    0.00000    0.08400    0.00000    0.00000 307100.04560  -30.37300   15.00000    0.00000
 DRIFT   40.86600   15.00000 
  QUAD   97.69000   16.55277   15.00000
 DRIFT  319.49850   15.00000 
DTL_CEL   91.88300    0.00000    0.00000   -0.08400    0.00000    0.00000 309019.02660  -30.63800   15.00000    0.00000
DTL_CEL   91.88300    0.00000    0.00000    0.00000    0.00000    0.00000 309888.13470  -30.06300   15.00000    0.00000
DTL_CEL   91.88300    0.00000    0.00000    0.00000    0.00000    0.00000 309891.15340  -29.79300   15.00000    0.00000
DTL_CEL   91.88300    0.00000    0.00000    0.00000    0.00000    0.00000 309894.13050  -29.66200   15.00000    0.00000
DTL_CEL   91.88300    0.00000    0.00000    0.00000    0.00000    0.00000 309897.06260  -29.67000   15.00000    0.00000
DTL_CEL   91.88300    0.00000    0.00000    0.00000    0.00000    0.00000 309899.94620  -29.81800   15.00000    0.00000
DTL_CEL   91.88300    0.00000    0.00000    0.00000    0.00000    0.00000 309902.77780  -30.10500   15.00000    0.00000
DTL_CEL   91.88300    0.00000    0.00000    0.08300    0.00000    0.00000 309055.94810  -30.36800   15.00000    0.00000
 DRIFT   40.86650   15.00000 
  QUAD   97.69000  -16.31610   15.00000
 DRIFT  322.33250   15.00000 
DTL_CEL   92.44900    0.00000    0.00000   -0.08200    0.00000    0.00000 310964.85080  -30.62600   15.00000    0.00000
DTL_CEL   92.44900    0.00000    0.00000    0.00000    0.00000    0.00000 311819.99010  -30.06000   15.00000    0.00000
DTL_CEL   92.44900    0.00000    0.00000    0.00000    0.00000    0.00000 311822.65430  -29.79300   15.00000    0.00000
DTL_CEL   92.44900    0.00000    0.00000    0.00000    0.00000    0.00000 311825.28020  -29.66300   15.00000    0.00000
DTL_CEL   92.44900    0.00000    0.00000    0.00000    0.00000    0.00000 311827.85720  -29.67300   15.00000    0.00000
DTL_CEL   92.44900    0.00000    0.00000    0.00000    0.00000    0.00000 311830.38890  -29.81900   15.00000    0.00000
DTL_CEL   92.44900    0.00000    0.00000    0.00000    0.00000    0.00000 311832.86480  -30.10100   15.00000    0.00000
DTL_CEL   92.44900    0.00000    0.00000    0.08100    0.00000    0.00000 311000.02250  -30.36500   15.00000    0.00000
 DRIFT   40.86550   15.00000 
  QUAD   97.69000   16.08353   15.00000
 DRIFT  325.31300   15.00000 
DTL_CEL   93.01200    0.00000    0.00000   -0.08100    0.00000    0.00000 312898.83030  -30.30100   15.00000    0.00000
DTL_CEL   93.01200    0.00000    0.00000    0.00000    0.00000    0.00000 313739.04600  -29.74100   15.00000    0.00000
DTL_CEL   93.01200    0.00000    0.00000    0.00000    0.00000    0.00000 313741.36510  -29.47500   15.00000    0.00000
DTL_CEL   93.01200    0.00000    0.00000    0.00000    0.00000    0.00000 313743.64200  -29.34800   15.00000    0.00000
DTL_CEL   93.01200    0.00000    0.00000    0.00000    0.00000    0.00000 313745.87340  -29.35600   15.00000    0.00000
DTL_CEL   93.01200    0.00000    0.00000    0.00000    0.00000    0.00000 313748.05910  -29.50000   15.00000    0.00000
DTL_CEL   93.01200    0.00000    0.00000    0.00000    0.00000    0.00000 313750.19230  -29.78000   15.00000    0.00000
DTL_CEL   93.01200    0.00000    0.00000    0.07900    0.00000    0.00000 312932.35670  -30.04300   15.00000    0.00000
 DRIFT   40.86500   15.00000 
  QUAD   97.69000  -15.85260   15.00000
 DRIFT  328.04350   15.00000 
DTL_CEL   93.57300    0.00000    0.00000   -0.07900    0.00000    0.00000 314824.43620  -30.12800   15.00000    0.00000
DTL_CEL   93.57300    0.00000    0.00000    0.00000    0.00000    0.00000 315648.70110  -29.57700   15.00000    0.00000
DTL_CEL   93.57300    0.00000    0.00000    0.00000    0.00000    0.00000 315650.67060  -29.31400   15.00000    0.00000
DTL_CEL   93.57300    0.00000    0.00000    0.00000    0.00000    0.00000 315652.59770  -29.18800   15.00000    0.00000
DTL_CEL   93.57300    0.00000    0.00000    0.00000    0.00000    0.00000 315654.47900  -29.19600   15.00000    0.00000
DTL_CEL   93.57300    0.00000    0.00000    0.00000    0.00000    0.00000 315656.31440  -29.33800   15.00000    0.00000
DTL_CEL   93.57300    0.00000    0.00000    0.00000    0.00000    0.00000 315658.10030  -29.61500   15.00000    0.00000
DTL_CEL   93.57300    0.00000    0.00000    0.07800    0.00000    0.00000 314856.25530  -29.87600   15.00000    0.00000
 DRIFT   40.86550   15.00000 
  QUAD   97.69000   15.62166   15.00000
 DRIFT  330.84150   15.00000 
DTL_CEL   94.13100    0.00000    0.00000   -0.07800    0.00000    0.00000 316738.21670  -29.95800   15.00000    0.00000
DTL_CEL   94.13100    0.00000    0.00000    0.00000    0.00000    0.00000 317545.53930  -29.41300   15.00000    0.00000
DTL_CEL   94.13100    0.00000    0.00000    0.00000    0.00000    0.00000 317547.15830  -29.15400   15.00000    0.00000
DTL_CEL   94.13100    0.00000    0.00000    0.00000    0.00000    0.00000 317548.73840  -29.02800   15.00000    0.00000
DTL_CEL   94.13100    0.00000    0.00000    0.00000    0.00000    0.00000 317550.26870  -29.03700   15.00000    0.00000
DTL_CEL   94.13100    0.00000    0.00000    0.00000    0.00000    0.00000 317551.75640  -29.17900   15.00000    0.00000
DTL_CEL   94.13100    0.00000    0.00000    0.00000    0.00000    0.00000 317553.19440  -29.45200   15.00000    0.00000
DTL_CEL   94.13100    0.00000    0.00000    0.07600    0.00000    0.00000 316768.32960  -29.71400   15.00000    0.00000
 DRIFT   40.86550   15.00000 
  QUAD   97.69000  -15.39236   15.00000
 DRIFT  333.62850   15.00000 
DTL_CEL   94.68700    0.00000    0.00000   -0.07600    0.00000    0.00000 318643.52320  -29.78800   15.00000    0.00000
DTL_CEL   94.68700    0.00000    0.00000    0.00000    0.00000    0.00000 319432.92040  -29.25300   15.00000    0.00000
DTL_CEL   94.68700    0.00000    0.00000    0.00000    0.00000    0.00000 319434.18830  -28.99500   15.00000    0.00000
DTL_CEL   94.68700    0.00000    0.00000    0.00000    0.00000    0.00000 319435.41690  -28.87100   15.00000    0.00000
DTL_CEL   94.68700    0.00000    0.00000    0.00000    0.00000    0.00000 319436.59910  -28.87900   15.00000    0.00000
DTL_CEL   94.68700    0.00000    0.00000    0.00000    0.00000    0.00000 319437.73850  -29.02000   15.00000    0.00000
DTL_CEL   94.68700    0.00000    0.00000    0.00000    0.00000    0.00000 319438.82780  -29.29200   15.00000    0.00000
DTL_CEL   94.68700    0.00000    0.00000    0.07500    0.00000    0.00000 318671.92810  -29.55100   15.00000    0.00000
 DRIFT   40.86550   15.00000 
  QUAD   97.69000   15.16389   15.00000
 DRIFT  336.40150   15.00000 
DTL_CEL   95.24100    0.00000    0.00000   -0.07500    0.00000    0.00000 320540.34030  -29.62100   15.00000    0.00000
DTL_CEL   95.24100    0.00000    0.00000    0.00000    0.00000    0.00000 321310.82530  -29.09300   15.00000    0.00000
DTL_CEL   95.24100    0.00000    0.00000    0.00000    0.00000    0.00000 321311.74500  -28.83800   15.00000    0.00000
DTL_CEL   95.24100    0.00000    0.00000    0.00000    0.00000    0.00000 321312.62510  -28.71400   15.00000    0.00000
DTL_CEL   95.24100    0.00000    0.00000    0.00000    0.00000    0.00000 321313.45860  -28.72200   15.00000    0.00000
DTL_CEL   95.24100    0.00000    0.00000    0.00000    0.00000    0.00000 321314.24890  -28.86200   15.00000    0.00000
DTL_CEL   95.24100    0.00000    0.00000    0.00000    0.00000    0.00000 321314.99260  -29.13100   15.00000    0.00000
DTL_CEL   95.24100    0.00000    0.00000    0.07300    0.00000    0.00000 320567.03970  -29.39100   15.00000    0.00000
 DRIFT   40.86550   15.00000 
  QUAD   97.69000  -14.93623   15.00000
 DRIFT  339.16300   15.00000 
DTL_CEL   95.79200    0.00000    0.00000   -0.07300    0.00000    0.00000 322425.29120  -29.45200   15.00000    0.00000
DTL_CEL   95.79200    0.00000    0.00000    0.00000    0.00000    0.00000 323175.86940  -28.93200   15.00000    0.00000
DTL_CEL   95.79200    0.00000    0.00000    0.00000    0.00000    0.00000 323176.44390  -28.68000   15.00000    0.00000
DTL_CEL   95.79200    0.00000    0.00000    0.00000    0.00000    0.00000 323176.97510  -28.55800   15.00000    0.00000
DTL_CEL   95.79200    0.00000    0.00000    0.00000    0.00000    0.00000 323177.45920  -28.56700   15.00000    0.00000
DTL_CEL   95.79200    0.00000    0.00000    0.00000    0.00000    0.00000 323177.90010  -28.70400   15.00000    0.00000
DTL_CEL   95.79200    0.00000    0.00000    0.00000    0.00000    0.00000 323178.29750  -28.97000   15.00000    0.00000
DTL_CEL   95.79200    0.00000    0.00000    0.07200    0.00000    0.00000 322450.28420  -29.22900   15.00000    0.00000
 DRIFT   40.86600   15.00000 
  QUAD   97.69000   14.71021   15.00000
 DRIFT  301.90500   15.00000 
DTL_CEL   96.34000    0.00000    0.00000   -0.07200    0.00000    0.00000 324318.42080  -29.30100   15.00000    0.00000
DTL_CEL   96.34000    0.00000    0.00000    0.00000    0.00000    0.00000 325039.78430  -28.78900   15.00000    0.00000
DTL_CEL   96.34000    0.00000    0.00000    0.00000    0.00000    0.00000 325039.88970  -28.54000   15.00000    0.00000
DTL_CEL   96.34000    0.00000    0.00000    0.00000    0.00000    0.00000 325039.95870  -28.41700   15.00000    0.00000
DTL_CEL   96.34000    0.00000    0.00000    0.00000    0.00000    0.00000 325039.99870  -28.42500   15.00000    0.00000
DTL_CEL   96.34000    0.00000    0.00000    0.00000    0.00000    0.00000 325040.00230  -28.56200   15.00000    0.00000
DTL_CEL   96.34000    0.00000    0.00000    0.00000    0.00000    0.00000 325039.97690  -28.82500   15.00000    0.00000
DTL_CEL   96.34000    0.00000    0.00000    0.07000    0.00000    0.00000 324329.67520  -29.08500   15.00000    0.00000
 DRIFT   80.87300   15.00000 
  QUAD   97.69000  -14.48419   15.00000
 DRIFT  304.64000   15.00000 
DTL_CEL   96.88600    0.00000    0.00000   -0.07000    0.00000    0.00000 326169.28490  -29.13400   15.00000    0.00000
DTL_CEL   96.88600    0.00000    0.00000    0.00000    0.00000    0.00000 326881.83610  -28.63000   15.00000    0.00000
DTL_CEL   96.88600    0.00000    0.00000    0.00000    0.00000    0.00000 326881.67530  -28.38300   15.00000    0.00000
DTL_CEL   96.88600    0.00000    0.00000    0.00000    0.00000    0.00000 326881.48160  -28.26400   15.00000    0.00000
DTL_CEL   96.88600    0.00000    0.00000    0.00000    0.00000    0.00000 326881.25510  -28.27100   15.00000    0.00000
DTL_CEL   96.88600    0.00000    0.00000    0.00000    0.00000    0.00000 326880.99560  -28.40600   15.00000    0.00000
DTL_CEL   96.88600    0.00000    0.00000    0.00000    0.00000    0.00000 326880.70320  -28.66600   15.00000    0.00000
DTL_CEL   96.88600    0.00000    0.00000    0.06900    0.00000    0.00000 326179.10460  -28.92400   15.00000    0.00000
 DRIFT   80.87300   15.00000 
  QUAD   97.69000   14.26062   15.00000
 DRIFT  307.36350   15.00000 
DTL_CEL   97.42900    0.00000    0.00000   -0.06900    0.00000    0.00000 328008.47350  -28.96800   15.00000    0.00000
DTL_CEL   97.42900    0.00000    0.00000    0.00000    0.00000    0.00000 328711.64120  -28.47100   15.00000    0.00000
DTL_CEL   97.42900    0.00000    0.00000    0.00000    0.00000    0.00000 328711.21850  -28.22700   15.00000    0.00000
DTL_CEL   97.42900    0.00000    0.00000    0.00000    0.00000    0.00000 328710.75910  -28.10900   15.00000    0.00000
DTL_CEL   97.42900    0.00000    0.00000    0.00000    0.00000    0.00000 328710.26670  -28.11700   15.00000    0.00000
DTL_CEL   97.42900    0.00000    0.00000    0.00000    0.00000    0.00000 328709.74480  -28.24900   15.00000    0.00000
DTL_CEL   97.42900    0.00000    0.00000    0.00000    0.00000    0.00000 328709.18990  -28.50700   15.00000    0.00000
DTL_CEL   97.42900    0.00000    0.00000    0.06800    0.00000    0.00000 328016.85990  -28.76400   15.00000    0.00000
 DRIFT   80.87250   15.00000 
  QUAD   97.69000  -14.03706   15.00000
 DRIFT  310.07300   15.00000 
DTL_CEL   97.97000    0.00000    0.00000   -0.06800    0.00000    0.00000 329839.34570  -28.80500   15.00000    0.00000
DTL_CEL   97.97000    0.00000    0.00000    0.00000    0.00000    0.00000 330532.57480  -28.31300   15.00000    0.00000
DTL_CEL   97.97000    0.00000    0.00000    0.00000    0.00000    0.00000 330531.88380  -28.07300   15.00000    0.00000
DTL_CEL   97.97000    0.00000    0.00000    0.00000    0.00000    0.00000 330531.16320  -27.95600   15.00000    0.00000
DTL_CEL   97.97000    0.00000    0.00000    0.00000    0.00000    0.00000 330530.40930  -27.96300   15.00000    0.00000
DTL_CEL   97.97000    0.00000    0.00000    0.00000    0.00000    0.00000 330529.62220  -28.09400   15.00000    0.00000
DTL_CEL   97.97000    0.00000    0.00000    0.00000    0.00000    0.00000 330528.80550  -28.34900   15.00000    0.00000
DTL_CEL   97.97000    0.00000    0.00000    0.06700    0.00000    0.00000 329846.30420  -28.60600   15.00000    0.00000
 DRIFT   80.87300   15.00000 
  QUAD   97.69000   13.81513   15.00000
 DRIFT  312.76900   15.00000 
DTL_CEL   98.50800    0.00000    0.00000   -0.06700    0.00000    0.00000 331658.53200  -28.64300   15.00000    0.00000
DTL_CEL   98.50800    0.00000    0.00000    0.00000    0.00000    0.00000 332341.25500  -28.15800   15.00000    0.00000
DTL_CEL   98.50800    0.00000    0.00000    0.00000    0.00000    0.00000 332340.30370  -27.91800   15.00000    0.00000
DTL_CEL   98.50800    0.00000    0.00000    0.00000    0.00000    0.00000 332339.31910  -27.80200   15.00000    0.00000
DTL_CEL   98.50800    0.00000    0.00000    0.00000    0.00000    0.00000 332338.30100  -27.81100   15.00000    0.00000
DTL_CEL   98.50800    0.00000    0.00000    0.00000    0.00000    0.00000 332337.25310  -27.94100   15.00000    0.00000
DTL_CEL   98.50800    0.00000    0.00000    0.00000    0.00000    0.00000 332336.17560  -28.19400   15.00000    0.00000
DTL_CEL   98.50800    0.00000    0.00000    0.06600    0.00000    0.00000 331664.06470  -28.44700   15.00000    0.00000
 DRIFT   80.87200   15.00000 
  QUAD   97.69000  -13.59402   15.00000
 DRIFT  315.45350   15.00000 
DTL_CEL   99.04300    0.00000    0.00000   -0.06500    0.00000    0.00000 333466.02610  -28.47800   15.00000    0.00000
DTL_CEL   99.04300    0.00000    0.00000    0.00000    0.00000    0.00000 334137.67780  -28.00200   15.00000    0.00000
DTL_CEL   99.04300    0.00000    0.00000    0.00000    0.00000    0.00000 334136.46360  -27.76400   15.00000    0.00000
DTL_CEL   99.04300    0.00000    0.00000    0.00000    0.00000    0.00000 334135.21960  -27.65000   15.00000    0.00000
DTL_CEL   99.04300    0.00000    0.00000    0.00000    0.00000    0.00000 334133.93820  -27.65600   15.00000    0.00000
DTL_CEL   99.04300    0.00000    0.00000    0.00000    0.00000    0.00000 334132.63060  -27.78500   15.00000    0.00000
DTL_CEL   99.04300    0.00000    0.00000    0.00000    0.00000    0.00000 334131.29320  -28.03600   15.00000    0.00000
DTL_CEL   99.04300    0.00000    0.00000    0.06400    0.00000    0.00000 333470.13560  -28.28900   15.00000    0.00000
 DRIFT   80.87250   15.00000 
  QUAD   97.69000   13.37373   15.00000
 DRIFT  318.12300   15.00000 
DTL_CEL   99.57600    0.00000    0.00000   -0.06400    0.00000    0.00000 335265.19000  -28.31500   15.00000    0.00000
DTL_CEL   99.57600    0.00000    0.00000    0.00000    0.00000    0.00000 335925.21810  -27.84400   15.00000    0.00000
DTL_CEL   99.57600    0.00000    0.00000    0.00000    0.00000    0.00000 335923.74570  -27.60900   15.00000    0.00000
DTL_CEL   99.57600    0.00000    0.00000    0.00000    0.00000    0.00000 335922.23950  -27.49600   15.00000    0.00000
DTL_CEL   99.57600    0.00000    0.00000    0.00000    0.00000    0.00000 335920.69960  -27.50300   15.00000    0.00000
DTL_CEL   99.57600    0.00000    0.00000    0.00000    0.00000    0.00000 335919.12960  -27.63100   15.00000    0.00000
DTL_CEL   99.57600    0.00000    0.00000    0.00000    0.00000    0.00000 335917.53330  -27.87800   15.00000    0.00000
DTL_CEL   99.57600    0.00000    0.00000    0.06300    0.00000    0.00000 335267.88680  -28.13100   15.00000    0.00000
 DRIFT   80.87300   15.00000 
  QUAD   97.69000  -13.15508   15.00000
 DRIFT  320.78100   15.00000 
DTL_CEL  100.10600    0.00000    0.00000   -0.06300    0.00000    0.00000 337052.65610  -28.15000   15.00000    0.00000
DTL_CEL  100.10600    0.00000    0.00000    0.00000    0.00000    0.00000 337700.50030  -27.68600   15.00000    0.00000
DTL_CEL  100.10600    0.00000    0.00000    0.00000    0.00000    0.00000 337698.76710  -27.45400   15.00000    0.00000
DTL_CEL  100.10600    0.00000    0.00000    0.00000    0.00000    0.00000 337697.00370  -27.34200   15.00000    0.00000
DTL_CEL  100.10600    0.00000    0.00000    0.00000    0.00000    0.00000 337695.20640  -27.35000   15.00000    0.00000
DTL_CEL  100.10600    0.00000    0.00000    0.00000    0.00000    0.00000 337693.37880  -27.47400   15.00000    0.00000
DTL_CEL  100.10600    0.00000    0.00000    0.00000    0.00000    0.00000 337691.52480  -27.71900   15.00000    0.00000
DTL_CEL  100.10600    0.00000    0.00000    0.06200    0.00000    0.00000 337053.94370  -27.97100   15.00000    0.00000
 DRIFT   80.87300   15.00000 
  QUAD   97.69000   12.93725   15.00000
 DRIFT  323.42400   15.00000 
DTL_CEL  100.63400    0.00000    0.00000   -0.06200    0.00000    0.00000 338831.78760  -27.98700   15.00000    0.00000
DTL_CEL  100.63400    0.00000    0.00000    0.00000    0.00000    0.00000 339466.90100  -27.52800   15.00000    0.00000
DTL_CEL  100.63400    0.00000    0.00000    0.00000    0.00000    0.00000 339464.91200  -27.29900   15.00000    0.00000
DTL_CEL  100.63400    0.00000    0.00000    0.00000    0.00000    0.00000 339462.88870  -27.18700   15.00000    0.00000
DTL_CEL  100.63400    0.00000    0.00000    0.00000    0.00000    0.00000 339460.83130  -27.19300   15.00000    0.00000
DTL_CEL  100.63400    0.00000    0.00000    0.00000    0.00000    0.00000 339458.74740  -27.31900   15.00000    0.00000
DTL_CEL  100.63400    0.00000    0.00000    0.00000    0.00000    0.00000 339456.63690  -27.56100   15.00000    0.00000
DTL_CEL  100.63400    0.00000    0.00000    0.06100    0.00000    0.00000 338831.67370  -27.81200   15.00000    0.00000
 DRIFT   80.87300   15.00000 
  QUAD   97.69000  -12.33000   15.00000
 DRIFT  326.05500   15.00000 
DTL_CEL  101.15800    0.00000    0.00000   -0.06100    0.00000    0.00000 340595.85160  -27.82400   15.00000    0.00000
DTL_CEL  101.15800    0.00000    0.00000    0.00000    0.00000    0.00000 341217.67000  -27.36900   15.00000    0.00000
DTL_CEL  101.15800    0.00000    0.00000    0.00000    0.00000    0.00000 341215.42260  -27.14300   15.00000    0.00000
DTL_CEL  101.15800    0.00000    0.00000    0.00000    0.00000    0.00000 341213.14460  -27.03200   15.00000    0.00000
DTL_CEL  101.15800    0.00000    0.00000    0.00000    0.00000    0.00000 341210.83230  -27.03900   15.00000    0.00000
DTL_CEL  101.15800    0.00000    0.00000    0.00000    0.00000    0.00000 341208.49330  -27.16300   15.00000    0.00000
DTL_CEL  101.15800    0.00000    0.00000    0.00000    0.00000    0.00000 341206.13140  -27.40200   15.00000    0.00000
DTL_CEL  101.15800    0.00000    0.00000    0.06000    0.00000    0.00000 340594.34440  -27.65100   15.00000    0.00000
 DRIFT   80.87300   15.00000 
  QUAD   97.69000   11.97000   15.00000
 DRIFT  328.67250   15.00000 
DTL_CEL  101.68100    0.00000    0.00000   -0.06000    0.00000    0.00000 342354.94690  -27.65800   15.00000    0.00000
DTL_CEL  101.68100    0.00000    0.00000    0.00000    0.00000    0.00000 342962.93180  -27.21200   15.00000    0.00000
DTL_CEL  101.68100    0.00000    0.00000    0.00000    0.00000    0.00000 342960.43110  -26.98600   15.00000    0.00000
DTL_CEL  101.68100    0.00000    0.00000    0.00000    0.00000    0.00000 342957.89590  -26.87600   15.00000    0.00000
DTL_CEL  101.68100    0.00000    0.00000    0.00000    0.00000    0.00000 342955.33000  -26.88400   15.00000    0.00000
DTL_CEL  101.68100    0.00000    0.00000    0.00000    0.00000    0.00000 342952.73730  -27.00500   15.00000    0.00000
DTL_CEL  101.68100    0.00000    0.00000    0.00000    0.00000    0.00000 342950.12160  -27.24300   15.00000    0.00000
DTL_CEL  101.68100    0.00000    0.00000    0.05900    0.00000    0.00000 342352.05120  -27.48900   15.00000    0.00000
 DRIFT   80.87250   15.00000 

  QUAD   97.69000   -11.69000   15.00000
 DRIFT  331.27600   15.00000 
DTL_CEL  102.20000    0.00000    0.00000   -0.05900    0.00000    0.00000 344098.97120  -27.49300   15.00000    0.00000
DTL_CEL  102.20000    0.00000    0.00000    0.00000    0.00000    0.00000 344692.56940  -27.05200   15.00000    0.00000
DTL_CEL  102.20000    0.00000    0.00000    0.00000    0.00000    0.00000 344689.81690  -26.82900   15.00000    0.00000
DTL_CEL  102.20000    0.00000    0.00000    0.00000    0.00000    0.00000 344687.02980  -26.72100   15.00000    0.00000
DTL_CEL  102.20000    0.00000    0.00000    0.00000    0.00000    0.00000 344684.21180  -26.72700   15.00000    0.00000
DTL_CEL  102.20000    0.00000    0.00000    0.00000    0.00000    0.00000 344681.36680  -26.84800   15.00000    0.00000
DTL_CEL  102.20000    0.00000    0.00000    0.00000    0.00000    0.00000 344678.49480  -27.08200   15.00000    0.00000
DTL_CEL  102.20000    0.00000    0.00000    0.05800    0.00000    0.00000 344094.69220  -27.32800   15.00000    0.00000
lattice_end
DRIFT 71 15							

