% PARTICLE_ATTRIBUTES_CONTROLLERS_NAMES 
% BUNCH_ATTRIBUTE_DOUBLE charge   1 
% BUNCH_ATTRIBUTE_DOUBLE classical_radius   1.5347e-18 
% BUNCH_ATTRIBUTE_DOUBLE macro_size   10 
% BUNCH_ATTRIBUTE_DOUBLE mass   0.938272 
%  SYNC_PART_COORDS 0 0 0  x, y, z positions in [m]
%  SYNC_PART_MOMENTUM 0 0 1.696037918  px, py, pz momentum component in GeV/c
%  SYNC_PART_X_AXIS 1 0 0  nxx, nxy, pxz - x-axis ort coordinates
%  info only: energy of the synchronous particle [GeV] = 1 
%  info only: momentum of the synchronous particle [GeV/c] = 1.696037918 
%  info only: beta=v/c of the synchronous particle = 0.875025614 
%  info only: gamma=1/sqrt(1-(v/c)**2) of the synchronous particle = 2.065788673 
%  SYNC_PART_TIME 0  time in [sec]
% x[m] px[rad] y[m] py[rad] z[m]  (pz or dE [GeV]) 
5.306511e-05 -7.3129232e-07 -2.7003696e-05 -1.4699311e-05 21.934069 0.00030453325 
1.6793228e-05 3.8919124e-06 -2.8249315e-05 -1.5416108e-06 11.362873 0.00014847687 
-2.0836479e-06 -2.0089107e-06 6.5494577e-07 -3.6855369e-06 -50.713034 8.7263362e-05 
-3.5484153e-05 8.539274e-06 1.4962519e-05 1.02012e-05 -41.883038 0.00030554332 
1.7318881e-05 1.38067e-06 -5.7766418e-05 2.4490807e-06 -88.945017 0.00040551426 
9.8406745e-07 8.5399937e-06 -2.4360101e-05 1.1038315e-05 -14.081407 0.00046049714 
1.4241952e-06 -5.2704989e-06 -7.8630788e-06 -1.2503432e-05 95.1915 -0.00060599484 
-3.0366375e-05 -9.0045556e-06 4.3116163e-05 4.7595821e-06 51.736525 6.2745599e-05 
1.3532062e-05 4.4865565e-06 -5.7482712e-06 2.4729769e-06 57.098078 -5.6851608e-05 
-1.354621e-05 -1.1884984e-05 -2.9999105e-05 8.5510314e-06 49.873293 -0.00019027526 
1.0094765e-05 -1.4621361e-06 1.1412893e-05 1.7998065e-05 103.37562 -0.0001573148 
-3.6172657e-05 -3.2043198e-06 -3.3413315e-05 -3.4955644e-06 -95.102921 7.5049351e-06 
3.6069552e-05 -5.4910655e-06 -1.3697862e-05 -5.8031378e-06 -51.795112 -0.00012933359 
-2.8991395e-05 -4.0301012e-06 1.113582e-05 1.8791501e-05 -51.138748 -0.00014429519 
-5.1761375e-05 -2.4694312e-06 -3.6078017e-05 2.9273963e-06 -18.019649 -0.00082324179 
3.6758848e-05 -1.6571571e-05 -3.1456294e-05 9.8095201e-06 8.5549737 0.00051581259 
-3.1274091e-05 1.3077008e-05 6.5380022e-07 -1.4950284e-05 -15.980399 0.00069479865 
-2.7952106e-05 -7.644577e-06 1.0124015e-05 -5.5325073e-06 84.689798 0.00033498168 
-2.8442162e-05 -5.3376075e-06 8.7112897e-06 1.3821366e-06 55.955303 5.5185499e-05 
3.5563113e-05 8.2082443e-06 -2.9213652e-05 -8.587423e-07 68.659261 0.00014164972 
2.7069918e-05 -3.7481791e-06 -1.2796534e-07 8.8813212e-06 6.4051145 2.2463226e-05 
-1.7470583e-06 1.8600591e-05 -3.1121956e-05 -9.8120078e-06 -24.872745 0.00045386231 
-3.2026967e-05 -7.3299604e-06 3.2255602e-05 -1.969093e-05 -45.117006 0.00042237698 
6.5323603e-06 8.5889057e-06 -2.2182636e-05 -1.0252765e-05 14.79858 -0.0003314131 
-5.3530678e-05 1.5430685e-06 -4.5576462e-05 2.7158594e-06 -10.661902 0.00026619025 
3.0230694e-05 3.0141341e-06 -2.2059872e-05 -8.0982694e-07 -68.328583 -0.00067185115 
-2.585648e-05 -1.2018484e-05 1.5119857e-05 2.9773058e-06 3.0143804 -0.00011220987 
-2.0489836e-05 7.0360322e-07 1.2097605e-05 2.9473912e-06 82.271996 -9.2329935e-05 
8.5631289e-06 1.4331594e-05 6.6403685e-06 6.8823076e-06 23.827684 0.00020838064 
-4.2232005e-05 6.5435626e-06 -2.4810677e-05 7.2089642e-07 88.273772 -0.00017548782 
5.0429337e-05 3.616524e-07 2.0160415e-05 1.4596101e-07 -30.471537 0.00041135021 
-7.4016035e-06 -1.0678126e-05 -1.3171315e-05 5.0994808e-06 14.112341 0.00013508621 
9.1217395e-06 -9.5482161e-06 -1.3318775e-05 1.5543129e-05 82.413903 0.00062826819 
4.8108028e-06 -1.1923617e-05 -3.1727028e-05 -1.1394478e-05 4.0474974 -0.00033244665 
2.3626246e-05 -1.0871101e-05 1.3100724e-05 -8.2176139e-06 -12.173364 2.1813291e-05 
4.4169498e-05 -5.4478023e-06 -2.0725728e-05 8.8611389e-06 -58.346277 -2.403671e-05 
2.6626281e-05 -4.7950147e-06 -3.3183711e-05 3.2302047e-06 6.0834643 0.00015087183 
-3.851624e-06 1.2643582e-05 2.3180555e-05 -2.1757292e-05 -103.80746 0.00067445817 
1.0010248e-05 -9.3273531e-06 -1.3310055e-05 -3.1417923e-06 -11.987792 -0.00018869844 
3.6095737e-05 5.6741805e-06 -2.1732586e-06 4.7644791e-06 -2.2204171 -6.604169e-05 
1.4205311e-06 7.823927e-06 -5.0819326e-05 8.800716e-06 -47.058195 0.00040594425 
1.5160606e-05 -1.0646747e-05 -2.385271e-05 -8.5003981e-06 -19.184853 0.00076193931 
-1.4264662e-05 -3.9403376e-06 2.1640333e-05 1.7168847e-07 44.43864 -0.00037629146 
-1.9181384e-05 -9.2686202e-06 2.7544303e-05 -2.2475153e-06 89.704423 -0.00045831743 
-6.9971137e-06 -1.753082e-05 -4.3935429e-05 9.7351332e-06 -127.35992 -8.7797693e-05 
-4.4005912e-05 1.0224246e-05 2.1275554e-05 -2.1916927e-06 27.666041 -7.4710022e-05 
-2.6892529e-05 -1.7389895e-05 -2.9530684e-06 -1.1936725e-06 -34.357199 -0.0001074647 
-6.5218929e-06 9.9158086e-06 5.3101897e-06 2.9946095e-06 -1.3033143 0.0003909109 
-2.9223175e-05 -1.7613381e-06 -1.0249417e-05 7.31706e-07 31.19025 -0.00041598662 
-9.6713531e-06 2.9011771e-06 -1.1590021e-05 -9.0931074e-06 -6.0327771 -0.00019641814 
-5.8161366e-05 9.8399121e-06 -3.2923624e-05 -2.9336411e-06 130.05885 -0.00042699739 
-2.4030568e-06 -1.5256942e-05 4.2412934e-05 9.4614132e-06 -16.567205 -0.00019524666 
-3.4436326e-05 -1.1632384e-05 6.584082e-06 1.0366497e-05 66.200124 0.0001009798 
3.7098426e-05 -9.4863904e-06 -1.4219032e-05 -1.2166852e-05 -96.957742 0.00027539196 
-1.3193695e-05 2.0044345e-06 -1.6063719e-05 -1.2119482e-06 95.867456 -0.00074764239 
-1.2138408e-06 1.639801e-05 -2.9997475e-05 1.2635848e-05 -8.5293337 0.00026432569 
4.1982665e-05 -3.1400454e-06 1.1277178e-06 8.0361229e-07 -9.2687278 0.0003676112 
3.2372174e-05 7.4249736e-06 1.9807425e-05 7.9669872e-06 47.762722 -0.00019406634 
-3.6696564e-05 1.1906324e-05 -1.7362368e-05 -9.1740348e-08 -7.9444245 -0.00051193274 
5.4275762e-05 -1.2712877e-05 -3.9167443e-05 5.7811835e-06 58.442589 0.00052521625 
-1.1104407e-05 9.6452295e-06 -5.1257674e-05 -1.0180962e-05 -110.78692 0.00041788773 
-6.6860538e-06 -1.7917613e-05 -3.2018925e-05 -2.6109405e-06 19.09936 -0.00070849847 
-3.1062796e-05 1.3149929e-06 -2.9457399e-05 1.6374318e-06 -124.64452 -0.00041901403 
-5.464439e-05 -2.4116245e-06 -1.2860424e-05 1.6248757e-05 -44.532894 -0.0003946105 
-2.9782888e-05 1.7952125e-06 2.0842418e-05 5.5690969e-06 32.060966 0.00049888526 
-2.1177667e-05 1.7301047e-05 8.6872938e-06 -1.0295319e-06 1.7141003 7.0650357e-05 
-7.373081e-06 -4.1255063e-06 4.4942713e-05 2.3677768e-06 -70.505738 5.3357572e-06 
3.2318746e-06 -1.0816095e-05 4.0613177e-06 -1.1332614e-05 13.265038 0.00050986587 
9.5453357e-06 -9.9299941e-06 1.9091165e-05 -5.6338033e-06 -96.860416 0.0004942883 
6.0489813e-05 -1.0608979e-06 1.447249e-05 1.4349167e-06 -60.359211 -0.00012313513 
-4.7937096e-05 -1.1784448e-06 -1.299354e-05 3.5319935e-07 114.78472 0.00022462584 
6.2157278e-06 3.2297318e-06 3.3249847e-05 -5.3592635e-06 -39.557325 0.00029756433 
7.9573881e-06 7.9276843e-06 -7.0719944e-06 -4.79318e-06 -11.243808 -0.00019394506 
1.5786365e-06 3.3769654e-06 -1.0449609e-05 1.2801205e-05 33.59061 -0.0001582589 
2.45726e-05 7.4025104e-06 9.9987371e-06 6.9308091e-06 14.925099 -0.00054055619 
8.7131129e-06 2.0187144e-06 -1.060957e-05 3.8848436e-06 -126.93885 8.6746265e-07 
1.7417385e-05 8.8106356e-06 1.6440962e-05 1.1023762e-05 -62.336788 0.00026444839 
-1.8808926e-06 -4.6511055e-06 -2.6239327e-05 1.5491348e-06 -14.893841 -0.00013715709 
2.6629868e-05 4.6838761e-06 -2.6593132e-05 2.8815787e-06 82.116407 0.0001188749 
4.5543618e-05 -3.8540896e-06 6.8376466e-06 2.9354513e-06 17.720654 -0.00047003066 
1.27424e-05 9.5296298e-06 6.7438487e-06 -1.8473746e-06 -59.027321 0.00055881326 
-2.6724909e-05 -6.852521e-06 1.7761768e-05 1.1277417e-05 -15.442164 -2.0351718e-05 
-1.0903761e-05 -2.7001508e-06 -1.5043894e-05 -1.4787015e-06 28.150092 0.00026004864 
4.0758392e-06 -5.8225747e-06 -1.1355189e-05 1.1774311e-05 72.369477 -0.00052527049 
1.8894237e-07 1.035132e-05 5.4522945e-05 1.2735404e-06 -0.33244369 -2.4875933e-05 
-9.7519036e-08 2.9590612e-06 6.9376748e-06 -1.2884005e-05 61.412737 -0.00015644664 
7.8853312e-06 1.2922102e-05 3.1896483e-05 -3.7785099e-06 -109.59009 0.00052513545 
-1.4332534e-06 -5.8218975e-06 -1.7373214e-06 -1.2265358e-05 -6.2630917 -0.0001501256 
-2.3691279e-05 -9.2833057e-08 2.9255551e-05 -1.7576343e-06 -45.226426 0.00057813472 
-1.7137698e-05 -5.1280248e-06 3.7098359e-05 -1.8248681e-06 3.7404987 -0.0002740573 
-4.9590742e-05 5.5435148e-06 -1.2751353e-05 1.5889454e-05 16.081993 0.00053893062 
1.7852214e-05 7.4999755e-06 1.2762837e-07 1.4569993e-05 -14.245144 -0.00010448166 
-2.5957389e-05 2.5371795e-06 5.8823692e-06 -9.7895363e-06 41.231571 0.00043674157 
-4.0138396e-05 4.2182256e-06 -1.7118105e-05 1.8807998e-06 -107.41388 7.3078551e-05 
-2.6912834e-05 -3.3953245e-06 -1.3733524e-06 -8.2041083e-06 36.310632 0.00010987126 
3.4582092e-05 3.8195257e-06 1.3715291e-05 2.0009514e-06 -3.4641712 0.00018698584 
-1.7381475e-05 -1.5877848e-05 -2.7249203e-05 1.2211952e-05 -90.451191 -1.0229546e-05 
4.0118223e-05 1.0360654e-05 4.2531891e-05 -3.9005575e-06 37.744668 0.00024514325 
-8.8761599e-07 7.221034e-08 1.7222898e-05 -1.1981234e-05 -11.260818 0.00019658239 
2.6750554e-05 1.3091563e-05 1.8081797e-05 9.1502983e-06 -19.578566 3.021216e-05 
-4.6210372e-05 5.1677448e-06 7.024278e-07 -4.139814e-06 52.85367 -0.00028745589 
-3.8899094e-05 -5.4854641e-06 2.219653e-05 -1.2401499e-05 102.32311 -0.00012967369 
-1.5248407e-05 -1.3045743e-05 3.9242092e-05 1.1426147e-05 59.833823 -0.00026089556 
-4.0060837e-05 1.4867442e-05 2.4123375e-05 1.4285394e-06 75.449495 0.00026396086 
6.5700568e-06 -5.3467602e-06 3.4851352e-05 -6.7089861e-06 14.816286 -0.00015835629 
2.3458428e-05 1.3076331e-05 1.3625129e-05 -1.8013117e-05 -25.330182 -0.00015488037 
-8.6921378e-06 1.1717688e-05 2.3628536e-05 7.217235e-08 -15.976999 -0.00025112943 
-2.6774802e-05 -1.7387837e-06 -1.9800126e-05 -1.5252841e-06 42.971698 -0.0002625188 
-4.6395031e-06 3.7684668e-06 -5.1782741e-06 -3.124041e-07 22.468063 -0.00039370975 
2.2589652e-05 -8.4870772e-06 1.5671471e-05 7.883253e-06 5.9560928 0.00031777015 
-4.5384359e-06 9.6335969e-06 -3.7452495e-05 1.0093691e-05 129.85424 0.00013882435 
-2.563712e-05 1.4974506e-06 3.2274701e-05 -1.9257499e-07 -24.667115 -0.00067602358 
-2.2025378e-05 7.932426e-06 2.3191334e-05 6.5711544e-06 85.440533 0.00050540101 
-3.3942997e-05 4.2454798e-06 3.6223402e-07 1.2395756e-05 -31.11026 0.00050792986 
1.9018085e-06 -9.3548747e-06 -1.7018781e-06 4.1885167e-07 -130.5597 -0.00012532507 
-4.0740329e-05 1.0854399e-05 3.0526e-06 -9.0749372e-06 6.1397357 6.1786947e-05 
5.2016077e-05 2.2135115e-06 -1.6648409e-05 2.0596783e-06 54.586259 0.00055129642 
2.8066679e-05 1.2489459e-05 -9.507315e-06 -8.4615851e-06 -65.931574 -0.00029702839 
-1.6968985e-05 1.4041566e-05 -1.1590045e-05 8.1626183e-07 -19.326301 0.00059758374 
-3.4082481e-07 -1.1770829e-05 5.9611126e-05 7.2900117e-06 24.645502 -0.00029720412 
-4.7326092e-05 -1.5903735e-06 -1.8456733e-06 6.7152183e-06 -38.309266 -0.00013469864 
-3.338309e-05 -3.4974717e-06 -2.3169099e-06 -1.3965751e-05 91.170645 -0.00014118318 
-1.8002817e-05 -8.3973264e-06 1.9133428e-05 1.4852655e-05 92.234512 -0.00024131166 
-1.9770342e-05 2.4434371e-06 2.124605e-05 1.0774087e-05 24.123818 0.00029810162 
-1.2388038e-05 3.4302038e-06 -7.8019073e-06 6.992746e-06 32.611231 -0.00023483361 
5.2057833e-05 -1.3710456e-06 5.4049203e-05 7.1207277e-06 -122.23685 0.00035292442 
2.2027449e-05 -9.021712e-06 1.9164579e-05 -4.6307664e-06 105.78719 -3.815681e-05 
-2.0403576e-05 1.2671687e-05 1.1311689e-05 1.2410011e-06 -66.63964 -0.00012038312 
3.4093903e-05 -5.8560095e-06 -1.4506657e-05 3.3040494e-06 50.999582 -0.0003258848 
-3.5830025e-05 -9.9014763e-07 1.3999529e-05 -2.1534764e-07 -32.28869 -0.00011134889 
-1.3882128e-05 -7.6594015e-06 2.7927618e-05 3.917217e-06 -30.078279 0.00063984914 
-3.7888595e-05 1.5242371e-05 -2.1424888e-05 4.450518e-06 -93.91388 8.5293109e-05 
-1.2323633e-05 8.7707845e-06 4.2203564e-06 -1.5830199e-06 -26.277795 0.00039026952 
-1.4930786e-05 -1.078738e-05 -2.8170901e-05 1.0887733e-05 99.021976 -8.824017e-05 
5.9515396e-06 -8.7380302e-07 -3.2292406e-05 6.5801867e-06 81.738354 -0.00014671919 
1.3205452e-06 -1.9622899e-06 -3.4659368e-05 1.0721859e-05 34.128063 0.00056887577 
-1.9033277e-05 6.0927064e-06 3.1227138e-05 -6.4748018e-06 -57.508779 0.00028516814 
-4.6665597e-06 8.4748756e-06 5.9460296e-05 -2.5652242e-06 -26.637116 -1.9008057e-05 
1.8959339e-05 -1.7510736e-05 1.9213712e-05 -1.4746968e-06 -41.101363 0.00037451059 
-7.3180413e-06 -5.7189176e-06 3.941784e-06 5.2845474e-06 -28.672036 9.564273e-05 
4.537494e-05 5.8911093e-06 -9.8194281e-06 -1.1196024e-05 -57.426586 -0.00026790052 
5.2139739e-05 5.2365908e-06 -5.1262283e-05 -6.3966736e-06 -70.506294 1.4723342e-05 
1.1497589e-05 -1.753344e-08 -2.469765e-05 1.014649e-05 19.451846 -0.00012481052 
6.0099092e-05 -4.0062312e-06 3.2809655e-05 2.6170711e-06 -14.122437 -6.9652937e-05 
-3.8699993e-06 1.4540652e-05 9.306124e-06 -4.953955e-07 -31.094237 9.608005e-05 
3.5437679e-06 -2.848594e-06 5.3575027e-05 -6.0555551e-08 1.1441098 0.00010539285 
1.7541682e-05 8.6742149e-07 1.1064203e-05 -7.3141936e-07 15.909535 0.00023507181 
-2.605346e-06 1.3767995e-05 9.0030749e-06 -1.1422455e-05 50.083659 -0.0003247424 
3.2633257e-05 5.6693238e-06 -3.0411388e-05 9.6679013e-06 29.584275 -0.00041516223 
-4.4114826e-05 -4.876486e-06 1.0353967e-05 -1.1308708e-07 -71.87799 0.00021955411 
2.3834323e-05 7.1713728e-06 -9.4535748e-06 -1.102009e-05 -76.930431 -6.1536208e-05 
2.564033e-06 3.3728269e-06 -1.961248e-05 -1.01986e-05 -68.316926 0.00011842008 
5.8182772e-06 7.7869045e-06 -2.7116631e-05 4.4845227e-06 -63.085636 -5.2545282e-05 
8.7199074e-06 -1.3807721e-05 1.7880317e-05 2.0555208e-06 -78.132266 0.00030831278 
-3.3936619e-05 7.3900553e-06 4.2229389e-06 -6.4573062e-06 -1.3735132 -8.9759582e-05 
1.9127497e-06 5.227622e-06 -3.317577e-06 3.1430588e-06 40.229479 0.00026396295 
-3.8248504e-06 -3.9872859e-06 2.1323435e-05 2.377627e-06 24.256191 0.00054106961 
-3.6114843e-05 1.4065255e-05 1.0057526e-05 1.1588699e-05 94.533518 0.00043064268 
1.8311235e-05 -4.6870225e-06 -7.0748098e-06 -6.9989849e-06 31.498359 -0.00010769866 
2.7869023e-05 8.3467865e-06 3.1272981e-05 4.0364562e-06 -8.2608186 0.00070656473 
-2.8109003e-05 5.1263754e-06 -4.9082072e-06 1.1727846e-05 -17.203985 0.00070001745 
3.1822687e-05 -1.3688737e-05 3.5345726e-05 3.8090754e-06 49.595322 -0.00044016199 
-2.3346166e-05 2.0554441e-06 4.5327377e-05 4.7014609e-06 -38.307755 -0.00021387859 
-9.0746319e-07 1.6089293e-05 -1.5234063e-05 1.5546914e-05 47.386548 -0.0002086349 
-4.6853777e-05 -1.2937763e-05 -1.4146111e-05 7.9086654e-06 32.741298 3.0782023e-05 
-3.7057903e-05 -7.0242449e-06 -3.4207818e-06 -5.797156e-07 12.070643 0.0003442592 
-2.4025742e-05 1.6504366e-06 -2.1574997e-05 -1.1883882e-05 -29.425129 -0.00037156085 
-8.6222795e-06 -7.2666657e-06 -2.2784998e-06 -1.6517139e-05 -58.811187 7.1605416e-05 
-3.0407207e-05 1.9411563e-05 1.7321937e-05 1.4557307e-06 -90.891703 1.7046773e-06 
-2.5841736e-05 5.5445033e-06 -3.8887416e-05 -1.9716799e-06 124.40616 0.00017040756 
8.570215e-06 3.4712259e-06 3.0834837e-05 8.5592463e-06 84.332615 -0.00045024575 
-2.9700243e-05 -3.4726785e-06 -2.0958367e-05 1.6055323e-06 63.134281 -6.2264588e-05 
4.0372091e-05 8.6197703e-06 4.3791863e-05 1.1260591e-07 41.405608 -0.00033053273 
2.1366706e-05 -1.8767771e-05 2.5363348e-05 -1.0098638e-06 -84.382274 -0.00017537669 
-8.6626506e-06 6.6563386e-06 4.6996432e-06 -9.4783168e-06 -103.11046 2.2388339e-05 
-4.0455339e-05 -2.6038382e-06 -2.8895417e-06 1.5792343e-07 -32.47476 0.00061486036 
-1.2752496e-05 -8.1661216e-07 6.9954936e-05 5.458698e-06 -32.130243 -0.00029992384 
2.559787e-05 -7.3380509e-06 5.5885075e-05 -5.9771684e-06 -43.48824 -3.7408485e-05 
-9.6935099e-06 -7.081463e-06 -1.0795404e-05 2.5267443e-06 12.220717 -4.1441724e-06 
5.6352609e-05 -1.3138358e-05 1.2725107e-05 6.740699e-06 -10.063606 0.00031639045 
-2.2006505e-05 -4.9293065e-06 2.0249857e-06 -7.2430081e-06 -28.819938 -0.00062855685 
-2.6501822e-05 5.2230422e-06 -3.4617384e-05 -3.7816366e-06 37.040908 0.00052841497 
4.2892645e-06 -1.1497011e-05 -3.7836151e-05 1.3194346e-05 62.591634 0.00011967274 
5.5123769e-07 1.3550752e-05 3.2164477e-05 -1.6945124e-06 -105.0083 -0.00049165926 
-3.3963288e-05 -1.4025202e-05 1.9292612e-06 6.1836402e-06 87.043221 -0.00011945289 
2.8532429e-05 -1.0767033e-05 4.4331001e-05 -5.9099048e-07 2.9884617 0.00087924206 
1.6349341e-05 -1.8059244e-06 1.717877e-05 -1.282472e-06 29.67428 0.00014686759 
-3.9336102e-05 1.5029278e-05 -1.7982572e-07 -1.0898844e-06 -48.420947 0.00023472476 
-1.7751696e-05 -7.627564e-06 2.0929978e-05 -1.7506287e-06 51.578437 -0.00027056597 
-9.530824e-06 -1.2031581e-05 -2.115478e-06 6.3924251e-06 -5.0436887 0.00036051688 
1.972153e-05 -1.3525716e-05 -3.2090093e-05 2.1858443e-06 28.110447 3.7467416e-05 
-1.1131966e-05 4.5836753e-06 1.6846475e-05 -7.8607996e-06 -30.704486 0.00023433666 
-4.0941865e-05 2.1062528e-06 3.6121527e-05 -1.0763083e-05 -42.725485 0.0002802413 
-2.1559656e-05 -9.0727299e-07 -1.144276e-05 4.923875e-06 25.700785 -0.00022752248 
1.6039421e-05 7.8673086e-07 -2.2264306e-06 -4.379066e-06 7.6127694 0.00010932023 
-2.4472582e-08 2.6258995e-06 1.5551186e-05 -1.6650635e-05 76.461923 9.9986988e-05 
-3.9576901e-05 -3.8525525e-06 4.4871373e-05 -4.7243987e-06 29.123833 0.00050222439 
-3.9276061e-06 2.814562e-06 5.6245055e-06 1.709293e-05 -39.86207 -4.8751505e-05 
5.3987694e-05 -7.2885996e-06 1.0346415e-05 1.3775546e-05 128.90052 0.00023395767 
-7.0325778e-05 -1.6117947e-07 -4.017824e-05 1.2046186e-05 90.605188 2.6678693e-05 
-5.8564716e-05 2.7745931e-06 -2.1806981e-05 2.908616e-06 42.881597 -0.00050759282 
-3.1034069e-06 2.5264146e-06 -3.9847835e-05 -2.8500383e-06 -48.697617 0.00023677354 
1.8318202e-05 5.9983933e-06 -3.2555855e-05 1.3884725e-05 45.87213 0.00063248914 
1.298055e-05 1.5059551e-05 4.6900716e-06 -5.188532e-06 22.880436 0.00065349748 
-1.2325199e-05 -5.7434914e-06 -8.300091e-06 -3.7385774e-06 94.706893 -0.00035849527 
2.4192917e-05 -1.3949369e-05 2.0201299e-05 7.1265891e-06 22.006517 0.0001675034 
-1.2637713e-05 -1.0781009e-05 2.7032819e-07 -7.5934865e-06 4.6020835 0.00027849777 
4.1021574e-05 8.3153825e-06 4.5498921e-05 -1.174357e-05 26.638274 0.00012028284 
3.0180017e-05 2.4838583e-06 2.2795675e-05 5.9999714e-06 -47.821567 0.00033932518 
2.7162071e-05 -7.1126984e-06 3.3853443e-06 1.1418541e-05 22.639396 -0.00035135669 
-5.3046426e-05 7.4426129e-06 1.5525572e-05 1.3234031e-06 32.784528 -0.00027268476 
-1.05994e-05 -5.0210893e-06 2.0500452e-05 -4.1179769e-06 -54.093743 0.00019303222 
3.7532666e-05 -4.0506243e-06 -1.5890906e-05 5.9251036e-06 -65.525696 0.00011546336 
-1.8380968e-05 1.3156718e-05 1.4057576e-05 -9.191852e-06 -26.107888 1.0481051e-05 
1.728077e-05 -5.9542483e-06 2.9087406e-05 -1.8695323e-06 77.04344 1.1152142e-05 
3.4574563e-05 8.3201152e-06 -1.2756192e-05 8.4654501e-06 -70.418876 0.00039954001 
9.2037334e-06 2.2727283e-06 2.4890274e-05 -1.3406436e-06 11.97097 0.00057350765 
-1.3979098e-05 -1.1107588e-05 1.9162166e-05 1.7858524e-05 51.649694 5.7660189e-05 
-4.9220538e-06 -2.0433688e-06 2.8288481e-05 -8.9297638e-06 -5.979192 -4.9197165e-05 
3.3923565e-05 -2.4700497e-06 -3.1332197e-05 2.4750021e-06 42.833281 -7.8830189e-05 
5.2511264e-05 -2.3369179e-06 -3.5650873e-05 4.3597034e-06 -54.784008 -0.00043822896 
-3.9865384e-05 -2.5429245e-06 2.8074223e-05 -5.3618932e-06 100.44719 -0.00019754215 
3.9065984e-05 2.34212e-06 -8.695517e-06 -4.8061332e-06 11.388801 4.0919742e-05 
6.1144665e-05 -1.2359838e-05 -4.9513031e-05 1.6213205e-05 24.675972 7.4400404e-05 
1.1335689e-05 -1.519768e-05 6.6411287e-07 -9.9423261e-07 -17.761352 -0.00050431896 
1.1175354e-05 -2.929184e-06 -3.92991e-06 2.9912875e-06 -68.511885 -8.3142769e-05 
-2.4092217e-05 1.6016107e-05 1.9639937e-05 1.1478603e-05 -21.498701 0.00027544511 
-2.1886538e-05 6.8404098e-06 -5.5063557e-05 -1.3435228e-06 150.64905 0.0001730479 
-5.1569118e-05 5.0568097e-06 3.3707543e-05 7.5349609e-06 -90.284953 -0.00012905057 
2.4555806e-06 2.2080657e-07 1.504811e-05 -7.6684382e-06 25.395503 0.0005921725 
5.6982045e-05 1.0341356e-05 3.3997514e-05 1.2742412e-05 70.466289 -0.00070505292 
2.606181e-05 1.1000117e-05 2.193396e-05 2.8006828e-06 -3.5807702 0.00025139171 
-4.4421262e-06 4.7380299e-06 4.5327863e-05 -1.4828389e-05 48.301663 -0.00033723486 
1.8320695e-05 -1.0324394e-05 7.6153296e-06 8.9622482e-06 107.06219 0.00057127424 
3.6014183e-05 9.5486699e-06 2.3462403e-05 3.7866394e-06 -60.42877 0.00052048357 
1.4781218e-05 6.3642979e-06 3.2880796e-05 3.1734513e-06 51.710717 -0.00027038378 
1.5785047e-05 4.8934027e-07 1.3002177e-07 1.9909117e-06 65.869793 0.00036572437 
-5.0553382e-05 -1.1381883e-05 -3.8218236e-05 -1.0988069e-07 108.23821 2.199055e-05 
1.1780315e-06 9.2048345e-06 1.810569e-05 3.4208281e-06 -89.61361 -2.5867318e-05 
-1.1960868e-05 5.1059596e-06 -8.181334e-06 2.4971304e-06 83.289559 -0.0001558706 
1.8915129e-05 2.1266657e-06 -1.07995e-05 1.5763738e-06 -27.431515 0.00017614106 
-1.2770495e-05 8.4910113e-06 -1.1759791e-05 1.6995774e-06 -39.265028 -0.00033495793 
1.9778932e-05 2.7937976e-08 -2.0535865e-05 1.1666877e-05 67.658805 0.00044471881 
4.3982879e-05 6.3496964e-07 -2.5210957e-05 6.236937e-06 -5.4341247 -0.00027914771 
4.2882587e-05 -7.7378086e-06 -1.6874787e-06 5.9019765e-06 9.2792849 -0.0003648069 
4.4533548e-05 -1.1427313e-05 3.5148928e-05 2.2627914e-07 -38.781078 -0.00017567182 
-2.4714426e-05 1.0279553e-07 -1.0896128e-05 -4.8751378e-06 31.060065 8.3822161e-05 
-4.6823984e-05 6.5291792e-06 -1.3721038e-05 -5.3964961e-06 85.798542 -0.00045570649 
1.5949802e-05 7.5380855e-06 -1.6387615e-06 1.7144666e-06 90.098749 0.00015770721 
1.4593068e-05 -1.3122597e-05 1.3821739e-05 8.617029e-06 -121.45643 -0.00036659224 
2.5287541e-05 -1.1838469e-06 2.1983922e-05 -5.0041386e-06 47.665591 -0.00037473599 
1.6128482e-05 -1.0877472e-05 2.1993111e-06 -5.5908598e-06 70.707715 0.00033659294 
-7.7788844e-06 7.037539e-06 -9.5507109e-06 1.5595665e-05 -25.38688 -9.9190988e-05 
1.6120123e-05 -4.1027207e-06 -5.4048035e-05 -6.9684169e-06 -65.168899 -0.00047496453 
-4.063187e-05 1.7181785e-05 1.5235878e-05 -1.6841635e-05 95.614088 0.00024572503 
3.9911509e-05 9.271648e-06 8.2127498e-06 1.0670875e-05 18.328914 -0.00046693494 
-7.9024921e-06 5.5104551e-07 -3.9187007e-06 -6.0222204e-06 -73.587541 -2.0499073e-05 
-3.1052802e-05 8.1914822e-06 -3.0700545e-05 -4.8188165e-06 -58.116582 -0.00012711852 
-4.3949798e-05 -8.1756185e-06 -5.5549088e-05 -2.6887086e-06 -48.509649 1.3471062e-05 
9.8102762e-06 -2.8559603e-06 2.2138037e-05 -5.5091442e-06 47.683582 0.0001458921 
4.5502061e-05 -3.9466368e-07 3.7612711e-05 -7.6068045e-07 -41.187685 0.0003513908 
-1.5821328e-05 -4.0909328e-06 2.6246978e-05 -5.5242949e-06 -18.23738 -0.00056071875 
-3.6385423e-05 -4.1766313e-06 9.1707982e-06 8.6139414e-06 -19.662361 5.0161448e-06 
-1.1690076e-05 -9.1043687e-07 -9.4805996e-06 6.2474336e-06 -123.63197 0.00011161284 
-1.3525553e-05 1.2204161e-05 -7.907671e-06 -2.3602911e-06 -32.088369 -0.00049292899 
3.5697185e-05 -1.466557e-05 -3.4202002e-05 8.4781297e-06 -29.232861 -0.00032779112 
4.8076411e-06 -1.5074826e-05 1.9169828e-05 -8.3204312e-06 29.105175 -0.00060841931 
-3.8374736e-05 9.299619e-06 1.9657781e-05 -1.5472357e-05 56.859583 -0.00048251113 
3.5395013e-05 3.5622746e-06 -2.0533624e-05 6.8816944e-06 -42.924887 -0.00027561373 
4.5427795e-05 7.9742302e-06 -2.638849e-05 9.8359374e-06 32.903129 -0.00039040119 
-4.984799e-07 -6.2366315e-06 4.6830121e-05 3.8526244e-07 -107.68536 -0.00014221391 
-6.0449954e-05 -8.868193e-07 1.7680204e-05 -8.1211488e-06 -59.507382 -6.9361387e-05 
3.5860645e-05 7.2276167e-06 -6.927172e-07 -1.026342e-06 -80.561163 0.00024941539 
5.2932373e-05 2.0937337e-06 2.2161969e-05 -3.0252255e-06 -7.7048631 -0.00027870906 
7.5835533e-06 8.4929042e-06 -1.5557588e-05 -9.1415813e-06 87.429089 -0.00011605155 
-3.5368188e-06 -6.1853272e-06 4.5661457e-06 -8.2045836e-06 64.447885 -0.00066727861 
3.8174357e-05 1.083084e-05 -5.1984036e-06 7.8795983e-06 -3.396036 -0.00023325342 
3.0651092e-05 -1.11927e-05 -4.6215052e-06 1.1580215e-06 16.11068 0.00012367293 
7.940652e-06 -2.1318386e-07 -2.0718379e-05 -1.0520551e-05 -13.250897 0.00061335892 
7.0527492e-05 1.7458868e-06 1.8262012e-05 3.0669962e-06 70.641582 -0.00045622306 
5.3828962e-05 -7.9004482e-07 4.0297735e-05 8.6311047e-06 0.32758313 1.1788845e-05 
9.106872e-07 -8.1344669e-06 2.3495489e-05 -5.3033668e-07 -28.237231 3.2305027e-05 
-3.0871917e-05 1.3634162e-05 -2.3017945e-05 3.7538494e-06 -2.7843962 0.00051810654 
-1.7412197e-05 -4.3073106e-06 6.178136e-06 1.2231595e-06 -31.182179 0.00042731775 
4.4507958e-05 -7.1992019e-06 -2.2116808e-05 -1.0538148e-05 45.698722 0.00060238527 
-1.5966385e-05 3.9207627e-06 -4.5521036e-05 -1.0870028e-05 -8.8497789 -0.00017642262 
4.6230146e-05 -2.9386221e-06 2.5460412e-05 3.8139366e-06 -45.500483 0.00059819178 
-1.146854e-05 1.1138746e-05 2.0366304e-05 -3.2059364e-06 27.130991 4.1029501e-06 
-2.7373152e-06 5.3556869e-06 4.7425967e-07 4.9972909e-06 13.823342 -5.3626967e-05 
-5.3005051e-06 5.7718074e-07 4.5402423e-05 -1.1263661e-05 -59.070115 -0.00017303308 
9.6559653e-06 1.5637972e-05 -1.1523259e-05 2.0043255e-06 -10.878759 0.00055422634 
4.3569463e-05 -5.6991166e-06 -4.962249e-05 6.0652434e-06 -19.222208 -0.00064653112 
-1.6322439e-05 5.2797331e-06 5.1056917e-05 -1.1025083e-06 60.922009 -2.3859153e-05 
-3.6492154e-05 2.2191313e-06 -5.4215029e-05 -9.9386295e-07 -94.443982 0.00010127764 
-1.7098296e-05 -8.4125879e-07 2.0095509e-05 -7.9175308e-06 -25.951402 -0.0002465323 
-2.2311761e-06 -2.7787191e-06 2.8836539e-05 -2.5022924e-06 25.282983 6.6396785e-05 
1.4394225e-05 -1.5885164e-05 -4.7022601e-05 -2.2190765e-06 36.56414 0.00019606506 
-2.7347494e-05 1.043762e-05 -2.3483132e-05 -1.0411383e-05 51.121394 5.9213983e-05 
-2.7897489e-05 4.3535851e-06 7.4562765e-06 3.9669501e-06 -35.539069 -8.8578172e-05 
5.1715546e-05 -5.9169804e-06 -2.8615777e-06 -5.640646e-06 -4.6923897 0.00062373886 
-1.2581577e-05 7.5087672e-06 -1.452172e-05 -3.3131369e-08 5.4373185 -0.00048663441 
-3.9089349e-06 -8.8862357e-06 -3.0386045e-05 -1.6425757e-05 46.254801 0.00041792711 
4.9981301e-06 -9.7051509e-06 3.646675e-05 -1.7302539e-06 0.48756706 0.00032078061 
2.4768458e-07 -1.0154628e-05 -7.1434287e-06 1.5159058e-06 89.817035 -0.00038662733 
3.6439801e-05 -6.4177609e-06 1.3444565e-05 5.5447865e-06 -96.145679 -6.8591285e-05 
2.4486088e-05 3.9769035e-07 -6.9031551e-06 -1.6163958e-05 4.1008202 0.00026808312 
2.2279926e-05 1.0403838e-05 -4.1918684e-05 -1.7939201e-06 -92.048396 5.1302078e-05 
-3.9554499e-05 3.2939139e-06 2.790167e-05 -3.1950968e-06 -45.376998 0.00055665337 
-1.1016191e-05 1.8417571e-05 -3.3950764e-06 8.4003445e-07 30.200718 0.00039093229 
-1.7876663e-05 2.1522093e-06 -2.9615291e-06 1.0350922e-06 36.411462 0.00025542199 
-1.6824245e-05 1.4705882e-05 1.3442554e-05 1.0619387e-05 -75.957071 3.5383116e-05 
-1.0431805e-05 -3.7272527e-07 2.9686728e-05 -2.330855e-06 -0.59108864 -0.00033216347 
-1.569791e-05 -1.2597012e-06 -3.7400821e-06 -4.366989e-06 -8.050534 -0.00023694291 
-1.5754293e-05 2.3952299e-06 3.3244048e-05 1.0092017e-05 21.31985 -0.00021575699 
-7.9607362e-06 -6.3659116e-06 2.5564372e-05 7.1016822e-06 -70.771508 -0.00030310011 
3.8184153e-05 1.1504298e-05 -1.5658855e-05 -3.4913561e-06 -42.702914 -0.00057865291 
-3.957811e-05 3.9032018e-06 -2.129547e-05 7.6821795e-06 -33.251189 0.00012762026 
-3.2085832e-05 -1.8781769e-06 2.0790111e-08 1.3128602e-06 -82.167382 -0.00026991013 
-5.9780432e-07 1.2491297e-05 -3.2393006e-05 1.1693165e-05 -20.933721 0.00080235376 
3.5008123e-05 4.604785e-06 6.7600088e-05 -2.4742206e-06 74.435116 0.00030582139 
-1.8234181e-06 -1.9485364e-05 3.102867e-05 1.2569062e-05 44.113652 0.0003289226 
-9.2396772e-06 8.2906047e-06 -1.4055809e-05 -1.3861889e-06 -108.77669 0.00010723506 
6.0119898e-06 -8.2336087e-07 -3.9004112e-05 7.1552532e-06 78.38947 -0.00063855678 
-2.7984238e-05 -7.5214236e-06 -2.4941275e-05 -3.4058516e-06 21.780373 -8.4064723e-05 
2.2775243e-05 6.4791286e-06 -5.1248235e-05 -5.2798413e-07 -81.40458 -7.7622703e-05 
-3.0126499e-05 9.8756855e-06 3.3562228e-05 -3.8428727e-06 -38.526339 -0.00044376642 
4.5413906e-06 -1.4684611e-05 -3.5180376e-06 1.0554194e-06 -84.408627 7.5032235e-05 
-1.6297859e-05 -7.283001e-06 -2.3611694e-05 -4.1141311e-06 11.639888 -0.00042950455 
1.329894e-05 -6.0791135e-06 2.2697571e-06 7.4378804e-06 -40.662631 -0.00012796049 
-2.8148769e-05 3.4888301e-06 3.7516821e-05 7.6065523e-06 52.720963 0.00025297784 
-4.4908925e-05 1.1310886e-05 2.0447755e-05 -6.7218619e-07 59.270578 0.00038088425 
1.6650218e-05 -1.0752279e-06 4.2815521e-05 5.4235208e-07 22.708309 5.4474735e-05 
2.655112e-05 -2.18869e-06 -2.4521811e-05 1.5272073e-05 49.220866 -9.500201e-05 
-1.353507e-05 -1.3637124e-05 2.5711725e-05 -1.0569314e-06 -17.129433 -5.2089468e-06 
5.5593579e-05 -9.9835778e-07 5.434803e-05 -1.2601822e-05 -14.284031 -0.00043187456 
-2.5553477e-05 -4.0998014e-06 2.6088204e-05 1.0981387e-05 7.8283742 -4.1314065e-05 
-3.1876009e-05 -7.7967851e-08 -4.047444e-05 -3.5702977e-06 38.702834 -0.00033558773 
-3.4941894e-06 5.7065287e-06 -1.8268748e-05 1.3573137e-05 -71.67608 -2.7968111e-05 
3.5302115e-05 1.3030094e-05 1.1485688e-05 2.6276224e-06 -42.522328 -2.4623981e-05 
-5.6540343e-06 -3.2817508e-06 -2.2866551e-05 8.2516251e-06 22.93094 0.00023039713 
-9.5862508e-06 -2.4301743e-06 -4.8527978e-05 4.935135e-06 -31.122214 0.0005081796 
-4.1703935e-05 -3.8631794e-06 4.1034516e-05 2.3505483e-06 41.17421 7.2663259e-05 
-1.1345767e-05 5.3900566e-06 -5.484645e-06 -9.8582771e-06 83.419311 0.00048804683 
2.1187194e-05 -5.289754e-06 -5.8275546e-05 -2.7893739e-07 -13.874691 -0.00029898299 
-1.7895441e-05 1.7679637e-05 1.5121845e-05 -1.5229045e-05 136.91318 -0.00033417929 
-5.9273905e-05 5.8102568e-06 1.8349231e-05 1.3010316e-05 -147.82025 -0.00010867369 
-4.7358187e-05 2.7407928e-06 1.5377538e-05 -2.8199893e-06 119.60174 0.00037678756 
-5.7866579e-05 1.2185032e-07 -2.6838958e-05 8.8020202e-06 -78.569419 0.00081336247 
6.2891466e-06 8.2879296e-06 1.4194048e-05 -9.1284094e-06 94.866888 -0.00026953157 
1.9905033e-05 1.2434489e-07 3.612153e-05 4.6746886e-06 53.430099 0.00080131685 
3.0414192e-05 9.227842e-06 -1.1220235e-05 -1.7960447e-06 -82.542262 -5.6350661e-05 
-1.8257836e-05 1.3514817e-05 6.1415102e-06 -1.0349116e-05 28.49556 -7.1030573e-05 
1.8106896e-05 1.5933502e-05 -1.2605626e-05 1.5164623e-05 -56.662088 0.00033336541 
2.5625998e-05 -7.5734674e-07 -5.0231716e-05 8.6572161e-06 2.8661278 0.00057527524 
-1.1757563e-05 -4.7438569e-06 4.8657161e-05 1.1485106e-05 46.459242 -5.7759385e-05 
1.2156205e-05 -2.5502327e-07 -2.1203815e-05 -7.0429242e-06 -2.4523056 0.00046156904 
9.5183201e-06 -1.6648543e-05 2.368221e-05 -6.3217011e-06 32.147404 0.00053661909 
-7.6550126e-06 -1.5335464e-05 2.5838209e-06 2.9008073e-06 -10.17487 3.5837717e-05 
3.7316892e-06 -7.3040734e-06 -1.7509298e-05 2.4274723e-06 -57.260874 8.1189952e-05 
4.1600181e-06 1.7368372e-06 9.3010754e-06 2.7992092e-06 118.62426 -0.00012535094 
6.2250996e-06 1.316888e-06 -3.5747754e-05 -5.2357467e-06 -0.66134091 1.2822285e-05 
2.8324572e-05 -2.0943569e-06 3.7961708e-05 8.6719381e-07 45.439454 0.00056575515 
-1.0290913e-05 8.2196216e-06 1.2475458e-05 -8.4223493e-06 -75.565564 0.00010301888 
-2.6007456e-05 5.664445e-06 1.4801629e-05 9.7193674e-06 -96.621068 0.00015649685 
-3.3482797e-05 1.2737778e-05 4.7091977e-05 5.1538832e-06 -6.3941211 -0.00032006488 
2.920029e-05 -4.2329954e-06 -2.3930246e-05 6.9674026e-06 -56.517738 -0.00058026956 
-2.6917912e-06 -4.6977587e-06 -2.8149134e-05 4.0772331e-06 100.53436 -0.00014419878 
-4.6394181e-06 -1.5365841e-05 6.648782e-06 1.5922788e-05 -28.818568 -0.00027803992 
1.8738719e-06 -1.8890059e-05 4.3630418e-05 -6.9154735e-06 -81.366041 0.00010221976 
-8.9849361e-06 1.2125083e-05 4.782646e-05 1.8917747e-06 -2.0352659 -7.5022568e-05 
9.0047016e-06 3.3901793e-06 -9.6277338e-06 1.0855644e-05 52.306856 -0.00060343279 
-4.4375096e-06 -1.141421e-06 -1.7864928e-05 -1.8620825e-06 14.031428 0.00061110961 
-2.9283871e-05 -6.6657586e-06 8.0630735e-06 -3.9802305e-06 -36.210147 0.00057738653 
7.9536969e-07 1.5166174e-05 2.2262783e-05 -1.5182556e-06 32.431466 0.0006983996 
-2.5314864e-05 -1.1275607e-05 -2.1492643e-05 -3.9759049e-06 22.578491 -0.00010075001 
-1.6138958e-05 1.1752223e-05 -1.0151806e-06 -1.3540565e-06 -82.947116 -0.00034914668 
-4.3441225e-05 1.0992961e-05 -2.434019e-05 1.8205209e-06 30.106407 -0.00024381963 
4.7931922e-06 -8.4623394e-06 9.170499e-06 -1.6084423e-05 -123.81652 1.2651453e-05 
-6.2216972e-05 -2.9905392e-06 1.6554781e-05 -2.583658e-06 -94.890313 -0.00016317961 
3.5007642e-05 1.1353633e-05 -1.695154e-05 1.0436313e-06 -53.375279 0.00013752113 
1.03068e-05 -1.8611214e-06 -5.0717255e-05 4.9831123e-06 -48.164477 0.00034906588 
-2.0954027e-05 -2.6089965e-06 2.5475094e-05 8.6929548e-06 -97.133248 -0.00031588191 
-3.8416928e-06 1.0046649e-05 5.9583749e-06 -1.5976693e-05 -3.3119918 -0.00043405913 
2.1140789e-05 -1.3071422e-05 -2.8198803e-05 -2.758227e-06 34.914862 5.8454324e-05 
-1.5635846e-05 -4.4463571e-06 -2.467704e-05 -1.2671057e-05 50.835659 0.00021536811 
-2.5772921e-05 -7.6791072e-06 -1.0462131e-05 -9.4021203e-06 -50.878253 -0.00027002657 
4.5743386e-05 1.1213299e-05 -8.9279838e-06 -5.6125024e-06 15.284779 0.00047816027 
-1.6513311e-05 3.1131054e-06 1.568539e-05 2.9755735e-06 51.099163 2.3120456e-05 
-3.7353879e-05 6.6276606e-06 2.8260259e-05 -4.4831571e-07 34.294802 0.00029075761 
-2.5286765e-05 1.0228089e-06 4.4395422e-05 9.7047936e-06 9.493987 -0.00065758076 
3.1453451e-05 6.4347481e-06 3.8645188e-05 6.6795775e-06 24.640617 0.00012478173 
-8.9858288e-06 -3.0285592e-06 1.5173627e-05 1.4890338e-07 -34.569794 -0.00045173367 
-1.1406397e-06 -1.1598621e-05 2.7134185e-05 -2.9075019e-06 -9.0228296 0.0001476591 
8.4926581e-06 -7.3567258e-06 2.0032776e-05 1.7658034e-05 5.7175691 5.2827105e-05 
-1.3684921e-05 -1.2826942e-06 -2.79938e-05 1.007303e-05 50.481894 -0.00014518658 
-3.8717844e-06 -3.9226852e-06 4.6185554e-05 4.7483954e-06 66.878899 0.00023100287 
1.666096e-05 -1.0880216e-06 2.6541163e-05 -1.4115112e-05 -8.4213943 -0.00040268118 
-1.7098281e-05 9.9674589e-06 1.2431706e-05 -2.2027253e-06 67.437655 -6.9660078e-05 
3.9362239e-06 -1.8392918e-06 -1.3231084e-05 1.407103e-05 -52.122116 -0.00072350338 
-3.0798709e-05 -6.1871934e-06 -8.9900036e-06 -4.9032241e-06 32.0725 -0.00063942754 
-2.5674814e-05 -2.7385842e-06 3.4041734e-05 8.16014e-06 32.301388 0.00045256231 
-1.9158754e-05 1.6325325e-06 -2.4020747e-05 -1.0495574e-05 57.469462 -0.00013295166 
4.6460609e-05 -5.4626681e-06 1.7586042e-05 -9.8112171e-06 67.431412 -0.00034683757 
2.9890578e-05 1.4903315e-05 9.054376e-06 -6.8051478e-06 -95.677656 0.00012312159 
-6.0999367e-05 3.1649827e-06 5.6747843e-06 3.0313489e-06 -19.8808 -0.00044366703 
-7.7317689e-06 2.0317006e-05 -5.335592e-05 -8.9620095e-06 94.060948 0.00020567616 
-5.1971858e-05 -2.5643435e-06 -3.8981064e-07 1.4251942e-05 7.5222625 -0.00023096142 
-3.392781e-06 4.5645033e-06 6.5514489e-06 1.2532515e-05 95.512427 0.0003524805 
-2.2922192e-05 8.3841231e-06 -9.0290157e-06 -8.663808e-06 48.961251 -0.00039652265 
-1.9067237e-05 -1.1528788e-05 3.5671821e-05 -5.9252323e-06 -14.293526 -0.00031249718 
6.8018489e-06 -6.2574992e-06 -9.065918e-06 7.148306e-06 -79.455038 -0.00054187677 
3.4862101e-05 -7.973596e-06 -2.786184e-06 -2.4878083e-06 -77.23607 0.00014850033 
-1.4883171e-06 8.2291788e-06 4.0112098e-05 1.1035923e-05 -6.60494 0.00054945745 
9.5427454e-06 -8.7247505e-06 -2.471587e-05 3.2521455e-06 -23.691324 0.0005141315 
5.1067671e-05 5.5596493e-06 -8.9718454e-06 1.0811521e-05 -135.84196 5.2867993e-05 
-3.3663723e-05 1.1838456e-06 -3.0859569e-05 2.5216091e-06 -63.835312 0.0003441769 
3.7801595e-06 -1.0720246e-05 5.7226184e-05 3.4028952e-06 54.428028 -8.6462246e-05 
2.6794692e-05 1.0127901e-05 1.0060212e-06 -1.4952143e-06 -43.753894 -0.00032706332 
1.9894515e-05 -3.7939955e-06 -3.4045708e-05 -5.8131618e-06 -69.108901 -0.00049738017 
-2.9001527e-05 -1.7901624e-07 -7.6216147e-06 -1.2646625e-05 -50.39284 0.00035593676 
1.3422481e-05 1.1329253e-05 1.497195e-06 -7.8021567e-06 -25.399934 0.00024594489 
2.8207385e-05 1.2532442e-06 1.4098009e-05 -4.2487958e-06 -21.424637 0.00021069865 
3.9444083e-05 1.2512143e-05 -3.1210715e-05 -7.7579702e-06 -17.799917 0.00029952 
-2.5938974e-05 -4.5510628e-06 -2.2404168e-05 1.0404198e-05 -117.57744 0.00040864287 
-3.9933966e-05 1.3411232e-06 -5.4062287e-05 -9.765819e-07 68.092091 0.00031353808 
2.5467616e-05 5.0471888e-07 -1.7907031e-05 2.969664e-06 26.420118 0.00064124962 
-1.6615822e-05 1.1294798e-05 1.1819513e-05 1.142206e-05 -27.45416 0.00034038342 
-1.4873111e-05 -1.0176771e-05 5.3504496e-05 -1.6182733e-05 -57.755152 -0.00046706894 
-2.2109599e-05 -4.2137901e-06 -2.499177e-05 5.0763505e-06 -24.557673 0.00023565178 
8.2330428e-06 4.5073013e-06 5.3319573e-05 -6.5406364e-06 -25.967261 -0.00017900608 
-6.6831267e-06 4.1082772e-06 2.6625412e-05 1.5429334e-05 -5.2400343 -0.00069268955 
-1.4933729e-05 -4.3208043e-06 1.5060072e-05 8.5747475e-06 51.466025 -0.00018720638 
-8.7140397e-06 1.7605141e-05 3.2296582e-05 -8.200956e-06 73.950113 0.00033873615 
-4.1778814e-05 -1.8086721e-06 -3.7841686e-05 1.0249197e-05 88.347391 0.00023715643 
2.1206406e-06 5.8002e-06 2.8764008e-05 -1.9167316e-06 -37.486255 0.00026521364 
-2.2563518e-06 1.6374186e-06 1.9630868e-05 4.4944084e-06 -1.287892 0.00016984898 
-5.2371787e-05 1.1980487e-05 -8.2160811e-06 9.7790554e-06 -84.207235 0.00012037328 
-8.409268e-06 -6.2549435e-06 1.0811919e-05 1.0047156e-05 12.847643 0.00017950039 
-5.2850205e-05 1.0539353e-06 -1.2364142e-05 -9.4467746e-06 7.1924262 -0.00032163387 
-1.1354634e-05 2.8973521e-06 2.8778402e-05 8.2103149e-06 32.850342 0.00022742174 
-2.9232432e-05 1.8005816e-05 -4.615234e-05 -8.5559928e-06 31.308635 -0.00082940101 
-4.3584693e-05 -1.2280192e-05 -5.0676435e-05 -3.6136629e-06 7.7496525 -0.00036693709 
-3.200556e-05 5.7609223e-06 3.3357334e-05 3.4564301e-06 -5.8125233 0.00051539539 
3.0526834e-05 -1.0137404e-06 -5.6214334e-06 -1.6591624e-05 11.201451 -0.00050530299 
-2.1470882e-05 -6.945709e-06 -6.7482835e-05 -2.9046138e-06 91.272388 -0.00028675365 
-4.684262e-06 -5.5513698e-06 5.4092663e-05 -1.0240278e-05 -98.421351 6.1879501e-05 
-9.4533956e-06 -1.7738473e-06 2.784088e-05 2.3637744e-06 94.463698 -0.00054184009 
-5.7647171e-06 -9.6818691e-07 2.4636098e-05 -6.2504616e-06 -68.96529 -0.00042974079 
7.0258764e-06 -2.120322e-06 -2.1529828e-05 -2.9924811e-06 -62.569415 1.6183005e-05 
-1.462446e-05 -9.7563703e-06 2.9145912e-05 2.0385761e-06 6.5247444 4.0673939e-05 
-2.947345e-05 1.6463513e-07 -2.0737955e-05 1.8225752e-07 -41.966531 -0.00027365113 
2.4713332e-06 -1.3226409e-05 -1.4110517e-05 7.0729647e-06 41.935159 -0.00022592783 
2.2283155e-05 -1.5162341e-06 -2.7662553e-05 -3.0744118e-06 3.6891107 -0.00022056248 
-2.5205562e-05 7.505427e-06 4.2228041e-06 1.5176597e-06 -22.38724 -0.00019822886 
8.0348962e-06 9.774846e-07 -2.6007584e-07 -5.8006369e-06 39.120123 -0.00011537813 
-5.0336409e-06 1.8057456e-06 -1.737445e-05 -9.0672505e-06 88.43281 -0.00066434883 
1.2378698e-05 -6.996845e-06 4.9548863e-05 5.7892358e-06 140.01502 0.0002709596 
9.3422883e-07 2.3628853e-06 -6.4525402e-05 2.1639997e-06 -29.893889 -0.0004434537 
-1.832797e-05 -8.4764754e-06 3.8108136e-06 -1.5396836e-05 6.864803 -9.6100225e-05 
-1.0692349e-05 7.235712e-06 4.3198564e-05 -8.0592548e-06 52.712608 -0.00022761743 
1.1850933e-05 -7.3377129e-06 1.0237115e-05 1.3659334e-06 62.016439 -0.00036530678 
2.3846801e-05 -5.2794447e-06 -6.0802051e-06 -1.7096939e-05 -66.561864 8.0870386e-05 
2.9207469e-05 -1.0240488e-05 1.3148441e-05 7.113775e-06 -24.109154 -0.00025884241 
-3.1890438e-05 -8.8189834e-06 -5.0767084e-05 6.9622116e-06 40.152464 0.00028412255 
-1.0037217e-06 1.2790103e-06 -2.935385e-05 4.1105748e-06 16.499034 0.00052731824 
2.4760464e-06 1.4467926e-05 4.4431312e-05 -1.3174781e-06 121.91961 -0.00022244505 
1.8881109e-05 1.0907741e-05 8.8346939e-06 1.431383e-05 -114.76742 -0.00029933773 
2.3798871e-05 2.8989028e-06 -9.8219467e-06 7.5123898e-07 -97.289559 0.00040064155 
4.0119041e-06 -2.5795302e-06 5.229536e-05 -6.9004359e-06 78.971448 8.6189839e-05 
-3.3546075e-05 2.845749e-06 -5.7027213e-05 6.0283524e-06 124.01998 7.2047612e-06 
5.8779191e-05 -8.8411101e-06 -1.4473155e-05 -7.8817212e-07 -72.407706 0.00016640476 
-4.9294562e-05 2.1123221e-06 1.7972212e-06 -9.5145986e-06 -52.947918 0.00044575478 
1.0447759e-06 1.0195076e-05 3.0865043e-05 -1.6877781e-05 -126.43951 0.00018301594 
-5.8784275e-06 -5.9381642e-06 1.8240805e-05 -9.0456917e-06 140.01385 2.7017731e-05 
-9.3689449e-06 8.1386355e-06 3.9098881e-05 -1.8071105e-06 30.385006 -0.00060355728 
2.4698713e-05 4.4903471e-06 3.3862412e-07 -1.1148559e-05 124.87821 -7.4507544e-05 
2.6708782e-05 -1.3393808e-06 -2.3247728e-05 -6.4272198e-06 3.5082825 -0.00031043039 
4.4551082e-05 9.2733374e-06 4.4945427e-05 -4.00096e-06 24.184708 0.0005592926 
-2.0601881e-05 1.6641978e-05 -2.3654113e-05 -4.9408087e-06 6.9609 -0.00032853083 
-5.0815633e-05 5.3442862e-06 1.7603684e-05 -1.8687095e-07 82.31221 -0.00026030963 
1.839478e-05 -2.4638147e-06 3.3497269e-05 8.0230383e-07 75.258078 -0.00030620013 
2.3641416e-05 -1.8444806e-05 2.111438e-05 -3.1822575e-07 -21.506451 0.00020892357 
3.3370432e-06 8.5423562e-06 8.6696807e-06 4.9769609e-06 -24.562183 3.8777359e-05 
-4.4337625e-05 6.0737947e-06 -2.9887328e-05 2.9849562e-06 -60.061877 0.00056313897 
-1.9523457e-05 -1.3569082e-05 -6.0168804e-06 6.6629565e-06 -21.942074 5.2736142e-06 
2.3833649e-05 -2.7512593e-06 -4.0742311e-05 7.9303933e-06 -59.869919 0.00035107679 
-9.9253474e-06 9.6361101e-06 -5.4743273e-06 8.0557643e-06 -19.975329 -0.00076035035 
2.0333495e-05 9.9322707e-06 2.7897612e-05 2.6720353e-06 124.71087 6.0424978e-05 
-3.6643864e-05 -8.8822859e-06 2.5376004e-05 -2.0733035e-06 -30.947007 -0.00069248602 
-2.6869057e-05 1.2437872e-05 4.4039412e-05 -5.0674974e-06 -100.62594 0.00052465243 
-9.5315843e-06 7.8078037e-06 -4.2898052e-05 -7.6088032e-06 -53.222958 -0.00076181879 
4.2698594e-05 -6.3095015e-06 1.9499913e-05 -4.4438501e-06 104.48806 -0.00019114812 
-5.4127369e-05 1.8555352e-06 -2.0376653e-05 4.990879e-06 35.902768 -0.00050992875 
3.1773156e-05 -7.8376098e-06 -2.0272575e-05 -3.0434893e-06 6.0173731 0.00015736741 
4.9854143e-05 3.1982912e-06 -3.3851446e-05 8.8076537e-06 -14.599975 -0.00011055934 
3.5737346e-05 8.1008057e-07 -2.719708e-05 -2.5165372e-06 71.225217 0.0007105237 
5.2971879e-06 1.064474e-06 3.8581562e-05 -3.4556122e-06 -26.856637 0.00026981186 
-1.3188155e-05 2.0349533e-05 -1.5800795e-05 5.5543069e-06 -34.530309 0.00044609549 
1.7225923e-05 5.7012912e-06 -1.8517988e-05 -2.4106018e-06 -101.60351 0.00018188363 
9.5904281e-06 4.6858938e-07 -4.2970284e-05 1.7086156e-07 -43.7736 0.00026457535 
-2.697955e-05 -1.0214688e-05 6.6967085e-06 1.0526369e-05 -26.335281 -0.00011440712 
1.5046966e-05 9.8170129e-06 -1.7378006e-05 1.3040498e-05 2.1245099 7.5919473e-05 
-2.828233e-05 -2.1603979e-06 -6.7573806e-06 4.6951985e-06 -65.553146 0.00046647686 
3.6489422e-05 -2.7357732e-06 -6.0467471e-07 1.0970923e-05 8.9366744 -0.00019109347 
-7.077143e-06 -9.349681e-06 3.6813707e-05 9.6418007e-06 1.1701862 -0.00035813086 
-3.399248e-05 3.6734016e-06 3.7913434e-05 2.400633e-06 52.226588 -0.00033841377 
-2.2685751e-05 -5.6637239e-06 -6.199301e-05 8.8929031e-06 25.137545 0.00020633216 
-5.2856217e-05 -1.4795444e-06 -1.0524815e-05 1.7561298e-05 1.025403 -3.4032709e-06 
2.1668973e-05 -1.4604168e-05 -2.3741371e-05 -7.0654492e-06 64.810081 -4.9098494e-05 
5.0990479e-05 -4.2768771e-06 5.0790771e-06 -3.0449394e-06 48.639882 0.00064425416 
-5.5287269e-05 1.1220131e-05 -1.9011634e-05 -7.93462e-06 40.256663 -0.00076506358 
-1.4435341e-05 1.0764535e-05 -2.4059544e-05 1.145345e-05 -34.33304 0.00021370989 
1.3147901e-05 -1.5662769e-06 4.4871324e-06 -1.2264972e-05 123.51227 0.00029823066 
2.8307407e-05 1.3147382e-06 -2.9414583e-05 5.4762212e-06 -64.580052 0.00051004986 
-1.6863411e-06 -8.9926845e-06 1.5367526e-05 5.3813347e-06 63.332341 -0.00011215609 
-1.2200354e-06 2.0016133e-06 2.0846022e-05 -3.7356212e-06 -50.169313 0.00048003804 
-1.3428575e-05 -7.6764938e-06 -2.6622313e-05 1.254709e-05 134.90077 -0.00013596962 
2.9012338e-05 -3.309681e-06 1.5943122e-05 1.0980141e-05 88.654954 -1.3689624e-05 
2.8047103e-05 1.9629487e-05 5.5222474e-05 -4.1009554e-06 23.554107 -0.00034585833 
-3.6056476e-05 9.7526468e-06 4.110018e-05 4.3815092e-06 54.022403 -0.00021000929 
-1.982169e-05 1.0552507e-05 3.1187226e-05 8.8327411e-06 -11.208298 -0.0009092584 
1.0331109e-05 1.3332936e-05 5.0962834e-05 6.5560165e-06 3.8148898 -0.00045894516 
3.186256e-05 -1.2187148e-05 3.6830419e-05 -3.3562566e-06 14.069872 -0.00079143226 
3.6791729e-05 -7.94824e-06 -2.5601869e-05 -2.9600857e-06 37.481297 0.00033570208 
-5.0907749e-06 2.1684734e-06 4.4792116e-05 -7.2197754e-06 -30.882898 0.00038056436 
-1.5814643e-05 -3.408957e-06 -1.287933e-05 -1.3700445e-05 -99.584882 -0.00067380357 
-2.2121693e-05 -1.8924785e-06 -9.8913003e-06 9.7014726e-06 -113.85395 0.00016250662 
-1.620994e-06 -9.9668191e-06 3.3106478e-05 4.54178e-06 18.640381 -0.00029209913 
-1.7442266e-05 -1.7264983e-05 -2.9865126e-05 -7.7492784e-06 -13.026157 0.00024332935 
-1.088487e-05 1.5990916e-05 1.7033159e-05 2.259787e-07 56.717163 -0.00055606588 
3.1326755e-05 7.6264947e-06 -3.7055961e-05 -1.3218434e-06 39.829776 -0.00030850601 
8.3795152e-07 3.0770874e-06 -6.009486e-05 -9.5199905e-06 10.19874 0.0003318053 
-1.5726617e-05 -2.0463275e-05 1.4366186e-05 -7.9483228e-06 -130.46092 0.00027293092 
-3.3868607e-05 7.7228344e-06 1.086342e-05 4.7220259e-06 -61.562363 0.00014590562 
-6.3042515e-05 -4.453759e-07 -1.5736632e-05 -4.3616356e-06 32.1344 0.0005107928 
5.4539137e-05 7.8793592e-06 1.5970692e-06 -7.4289802e-06 -66.855396 -0.00013498153 
-5.328318e-05 3.0560585e-06 5.840241e-05 -2.2578323e-07 -36.942532 0.00020485409 
3.964918e-05 1.4685207e-05 -7.9131598e-07 2.8108621e-06 4.581211 -0.00067556404 
-3.9539569e-05 1.4144793e-06 1.0904923e-05 -8.6986549e-06 69.254332 0.00041364293 
3.0530853e-05 1.6646853e-05 -7.7162289e-06 -1.2946655e-05 35.942885 0.00026502906 
1.7884703e-05 4.0825196e-06 1.6809552e-05 1.7326459e-06 7.4461824 0.00078090587 
-1.4934862e-05 7.1863972e-06 4.5977722e-06 1.5691642e-07 49.167452 0.00014048082 
1.0245203e-05 -1.6733401e-05 -3.8839633e-05 -3.6024948e-06 27.115557 0.00062764372 
3.6987832e-05 6.7660729e-07 -5.3974838e-05 5.2191872e-06 -63.01259 0.00024087996 
-1.9267488e-05 -1.8180803e-05 -2.1926711e-05 -4.9756525e-06 14.587562 0.00016058114 
1.008688e-07 -1.4091746e-06 4.6220801e-05 -2.3818578e-06 20.145136 -0.00031155824 
3.554534e-05 -9.9433877e-06 1.3425602e-05 1.4974962e-05 -40.75935 -0.00015773652 
-1.4116473e-05 5.4357699e-06 2.3959335e-05 -1.8958158e-05 61.087744 -0.00010079801 
4.2060561e-05 1.1175382e-05 1.6917592e-06 -1.3632334e-05 -60.814687 -0.00036353624 
-2.0928988e-05 -5.2283638e-06 -1.0923945e-05 4.3591281e-06 -60.526558 -0.00050866003 
-3.981497e-05 1.1545372e-06 1.5195327e-05 8.585953e-06 -109.42579 0.00010644377 
4.1101748e-05 5.1151126e-06 3.0617601e-05 -1.6543051e-05 -58.190424 -4.0410676e-05 
1.3323792e-05 3.8879763e-06 -3.9292793e-05 9.1525936e-06 -37.665735 -0.00050412089 
-3.6706456e-06 -7.2174397e-06 -3.8155784e-05 6.8658716e-06 -53.871513 -0.00048110259 
2.2427813e-05 3.0507603e-06 5.6516091e-06 2.7469438e-06 -7.0207973 0.0006365326 
1.5249001e-05 -7.2070947e-06 -2.674776e-05 -2.0261804e-06 -23.89554 0.0001966692 
2.0779244e-05 8.974664e-07 1.5112759e-05 -1.6296544e-06 -20.108858 -0.00019376027 
2.916672e-05 5.396624e-06 5.3943079e-05 -7.9341359e-07 100.68341 -0.00027647425 
-5.0942294e-06 -1.1058785e-05 -1.3010682e-06 3.6260452e-06 85.932883 -0.00013662587 
-2.6600461e-05 9.8262322e-06 -3.7623628e-05 -4.0356594e-06 74.45832 0.00058350223 
-3.0010653e-05 3.5637935e-06 -1.7209895e-05 -1.5137001e-05 110.24399 -0.00028190897 
-8.0919426e-06 -1.1653527e-05 1.1329766e-06 -1.5538411e-05 -79.410751 -0.00039294796 
-3.4940677e-05 -2.5893806e-07 -6.0017299e-05 4.6092191e-06 51.367671 -0.00058541333 
-3.8645647e-05 6.7182371e-06 3.0809385e-06 4.7580186e-06 -36.875507 -0.00021635639 
-1.0690955e-06 -8.7151583e-06 3.8530218e-05 -4.2832802e-06 -33.996752 0.00072157593 
-1.6413832e-05 -3.8126403e-06 1.6472515e-06 -1.9336116e-05 58.122976 -1.7556412e-05 
-2.2399023e-06 -1.1589942e-06 4.1170358e-05 -1.6138449e-05 63.073075 5.7323812e-05 
3.3238456e-05 -1.0649673e-05 -2.7858326e-05 5.0531803e-06 55.377983 1.8847628e-05 
-5.9785535e-06 -8.477833e-06 1.2358587e-05 3.5894669e-06 54.689034 0.00029305633 
-4.8035078e-05 7.8205938e-07 -1.4178023e-05 9.1455235e-06 94.787248 -4.9567629e-05 
-1.8929571e-05 -9.4242143e-06 -5.1410998e-07 8.5483224e-06 -9.2736259 0.00068820234 
4.2589834e-05 1.2228605e-05 -1.1210892e-05 1.4905685e-05 -39.372251 9.3394144e-05 
-4.8029342e-07 -1.810852e-05 -2.9465453e-05 -6.0056294e-06 -76.333974 0.00049825575 
-2.3782137e-05 -9.8140478e-06 -2.4191402e-05 5.0009077e-06 41.09338 -0.00056561855 
-4.0340227e-05 -7.8266844e-06 -2.8601611e-05 4.3997585e-06 39.100902 0.00019839074 
7.2838438e-06 -6.2983981e-06 -1.9278717e-05 -2.4799475e-06 -7.7386439 -6.3002176e-05 
-1.6404756e-05 8.4632206e-06 -3.2517343e-05 -1.5194315e-05 97.659446 -0.00029526635 
2.9323332e-06 1.3615281e-06 6.1202462e-05 -1.2009853e-05 100.97273 0.00028577439 
-4.2959883e-05 -1.040622e-05 -2.1720003e-05 3.3204985e-06 -59.185388 0.00023629214 
-2.6265346e-05 -1.2190647e-06 1.6752771e-05 4.5429812e-06 -4.854859 -0.00014396182 
-8.9390226e-06 -8.7069738e-06 1.0858031e-06 1.8651608e-06 122.53326 -0.00011634533 
-2.349167e-06 -6.5841621e-06 4.8204832e-06 8.7362752e-06 -47.561844 3.3663951e-05 
-3.3404102e-05 8.3178617e-06 -2.3553146e-05 4.6578374e-07 -73.664478 0.00043746862 
-3.8665838e-05 -1.4860057e-05 2.2373817e-05 2.1429122e-06 -82.560088 1.6950828e-05 
-1.2906463e-05 5.9330909e-06 2.2719244e-05 -1.7164598e-05 71.629721 0.00022793311 
-3.1192144e-05 -5.7061217e-06 -1.3655317e-05 -4.5258916e-06 -38.117522 -9.1406739e-05 
2.7500866e-05 -9.2400182e-06 2.4122911e-05 -8.166635e-06 64.421556 -0.00069890281 
-4.1554279e-06 1.4878086e-05 1.8835352e-05 9.1239955e-06 -88.927998 -0.00050677629 
-3.1037151e-05 -1.0740027e-05 -2.9807097e-05 1.0679701e-05 58.550396 -0.00047092057 
-1.241177e-05 -1.3132919e-05 -1.009518e-05 7.0351963e-06 3.9164211 2.9062682e-05 
-2.5108945e-05 7.0186978e-06 5.1251944e-06 -1.4425336e-06 83.457651 -0.00038146771 
3.6860133e-05 -2.9129311e-06 -4.6629843e-07 -2.4957594e-06 -22.131184 -7.4619717e-05 
-2.0872899e-05 9.7607627e-06 1.7183664e-05 4.2324289e-06 -64.879684 0.00024417644 
-1.1231445e-05 6.8152423e-06 -4.3348114e-05 -2.8875839e-06 -69.553641 -0.00010316885 
3.6637231e-05 -1.9269886e-06 4.781227e-05 1.0263336e-05 40.887719 0.00013899871 
9.2570183e-06 5.6610248e-06 -1.9835573e-05 6.8065992e-06 54.259841 -0.0002586795 
2.4532536e-05 -1.1857617e-05 -1.0477563e-05 1.38058e-05 24.665409 -0.00034933048 
3.2862341e-05 -1.7468931e-06 3.3076079e-05 1.3166554e-05 11.464496 0.00033064909 
1.4799605e-05 9.4708431e-06 -5.6551162e-05 9.3581563e-06 25.628484 -7.7450231e-05 
1.7311028e-05 -1.7956394e-06 2.5213745e-05 1.6789085e-05 -11.56918 0.00060971483 
4.8523378e-05 -5.276973e-06 -3.8410253e-05 7.2311604e-06 -38.760503 0.00071659849 
-2.6269862e-05 9.0244835e-06 2.8100061e-05 -1.610004e-06 59.136287 7.9855564e-06 
-3.0413336e-05 7.1404237e-06 1.1620216e-05 -3.3848828e-06 88.070832 -9.6783009e-05 
-3.3149779e-05 -9.262037e-06 5.2672665e-05 6.9817915e-07 73.019917 -1.1555885e-05 
3.4495196e-06 4.5907397e-06 3.9155867e-06 -8.4797722e-06 100.05132 -0.00013850189 
-1.6039604e-05 1.2451517e-05 -1.2056965e-05 -9.0882895e-06 -37.980522 -0.00042559201 
1.2810678e-05 9.6381433e-06 -3.0312234e-06 7.3293127e-06 -75.8585 -0.00035196586 
-6.9277773e-06 7.4001144e-06 -2.9078556e-05 -1.034061e-05 59.865875 0.00013841349 
5.2891635e-06 1.3333356e-05 -4.5111584e-06 -3.3494018e-06 1.6040216 -4.7617883e-05 
-2.7097608e-05 -9.6444005e-06 -2.6344069e-05 2.6383484e-06 45.388841 2.1701478e-05 
-3.7425434e-05 9.8811471e-06 -4.8400613e-06 -9.750705e-06 -86.765064 0.00013719665 
1.0229059e-05 -1.672574e-05 -3.3739819e-05 8.9779479e-06 -53.278514 -8.3116919e-05 
-1.1256408e-05 6.3259977e-06 1.8471398e-05 5.6257831e-06 -15.821229 -0.00010653615 
5.9710782e-05 3.6412389e-06 4.6886782e-05 9.1354706e-06 44.18157 -0.00016229214 
-3.8185277e-06 -1.3083342e-05 3.9346898e-05 -9.4309596e-06 -5.9354785 3.1581364e-05 
4.4700414e-05 -1.3321601e-05 2.1301881e-05 3.9846647e-06 83.765645 -0.00028496708 
-4.0818815e-05 -4.8087907e-07 7.615988e-06 3.5284655e-06 45.772277 0.00044818785 
1.0632063e-05 -7.2230365e-06 -4.6020611e-05 1.4663319e-05 2.3015179 -0.00037862921 
1.9356302e-05 -1.5442222e-05 3.4990431e-05 -4.1169329e-07 -4.9725667 0.00012729993 
2.170589e-05 -6.210476e-06 3.0999129e-05 -7.2041693e-06 -41.9118 -3.1520097e-05 
-4.3172343e-05 9.2935821e-06 -3.8526042e-05 1.3734817e-05 -37.988772 0.0006569803 
-3.6745787e-06 -9.893143e-06 -3.5248455e-05 9.3052183e-06 10.526306 5.1532063e-05 
5.936721e-05 4.2358685e-06 5.5110286e-05 -3.7843465e-06 -157.43086 0.00013968459 
1.5125203e-05 2.4053801e-06 3.2811874e-05 -2.5444497e-06 -3.6739685 0.00040751179 
-2.2238185e-06 1.0207307e-05 -3.7156669e-05 -5.369698e-08 65.548096 -0.00042526179 
-5.4193113e-05 9.9659407e-07 2.4966602e-05 -1.1468547e-05 -70.942676 -0.00014253343 
1.3720655e-05 -3.7261001e-06 -3.9613793e-05 -6.7609751e-06 -3.7180812 0.00071642317 
1.3518458e-06 -1.1316945e-05 -9.5649314e-06 6.1850906e-06 -24.360769 -0.00011216104 
3.3437655e-05 -6.1557122e-06 4.1358908e-05 -9.5301738e-07 -2.7784048 0.00045922608 
2.1518753e-05 -1.2741512e-05 -2.0784425e-05 1.4085614e-05 12.510425 4.4975632e-05 
-6.4578395e-05 -4.0605755e-06 6.010719e-05 -1.0976325e-05 -4.4859514 -0.00071527156 
7.3004348e-06 1.5335262e-05 -3.9353209e-06 -8.6233248e-06 -47.373763 -0.00052539577 
1.6692924e-05 -7.3345376e-06 -2.450105e-08 -4.7516442e-06 -61.315422 -0.00027629638 
-5.5302465e-05 1.7295532e-06 3.7735661e-05 2.0954303e-06 -22.719902 -0.00014891374 
7.4149416e-07 -7.0326808e-06 1.5412905e-05 -1.0452801e-06 20.92143 0.00020887085 
-3.6966264e-05 4.5037201e-06 -1.0819241e-05 5.0637983e-06 73.602596 0.00034362295 
1.1185817e-05 3.5410995e-06 4.067741e-05 2.7611445e-06 -45.630928 0.00030812288 
-2.2702749e-06 9.0559165e-06 3.5004115e-05 -8.7007169e-06 81.214964 -7.9186456e-05 
4.3183232e-05 2.0812229e-06 7.8417177e-08 6.840683e-06 43.97886 -0.00033826105 
-6.0103999e-05 -4.4860054e-07 -3.2932732e-06 -6.3530061e-06 -21.375707 -0.00027053544 
-5.519568e-05 1.2457376e-06 1.6592429e-05 8.4531827e-06 6.3554159 8.4962762e-05 
-1.2269667e-05 -3.9305217e-06 6.0144116e-05 -9.4869882e-06 27.577023 -0.00019535483 
1.1534982e-05 -8.410232e-06 -1.0120648e-05 5.5513021e-06 135.80296 0.00045369231 
-2.7107152e-05 5.2574509e-06 4.6897302e-05 -1.0914052e-05 51.583645 2.2068361e-05 
2.2114774e-05 1.2547309e-06 -1.0302983e-05 7.7907584e-06 -19.910508 6.0331098e-05 
-1.2669546e-05 7.9910081e-06 -4.746338e-05 1.970157e-06 30.755723 0.00013657614 
1.5518584e-05 5.0724542e-06 4.5323592e-05 -2.8590701e-06 5.6885082 0.0001599853 
-2.9015984e-05 -5.6122459e-06 1.6123741e-05 4.0940607e-06 13.55342 4.41896e-05 
-2.5714562e-05 4.0972527e-06 6.4521782e-06 -1.3977185e-05 57.383711 4.2414662e-05 
-5.2097308e-07 1.0145909e-06 -1.5680049e-05 -2.6238388e-07 27.410912 -0.00016332124 
-8.5920616e-07 1.5315875e-06 -3.6395323e-05 1.3752326e-05 56.657347 -0.00020445388 
-8.9878825e-06 -1.1368729e-05 -2.6783085e-05 -5.2214788e-06 -12.552048 9.7651758e-05 
-1.4774205e-05 7.6463674e-07 2.4135647e-05 -1.3624851e-05 -24.923027 0.00023623531 
2.3856573e-05 -8.230135e-06 4.1912194e-05 8.8717069e-06 -66.581721 0.00010499996 
2.2354041e-05 -4.0826018e-06 3.7877529e-05 2.601025e-06 24.878076 -3.2060695e-05 
3.3635164e-05 4.5375828e-06 6.8616605e-05 -2.724306e-06 79.201159 -0.00064948997 
-5.042904e-05 5.7084334e-06 3.7633667e-06 -6.1730912e-06 -103.32874 0.00017103473 
-1.444791e-05 1.4556929e-06 -4.5219644e-05 -6.349668e-06 86.310209 0.00019485741 
3.7067377e-05 1.2990168e-05 3.6129005e-05 -4.9086212e-06 47.942645 0.00012181334 
2.166046e-05 -1.4276794e-06 -2.9930423e-05 -1.5073333e-05 -63.075535 0.00066966887 
3.5367372e-06 9.7394175e-06 5.1896481e-05 -5.4610083e-07 170.21701 -0.00029912287 
3.7937521e-05 -7.7177782e-07 -2.0231083e-05 4.3869381e-06 75.761443 0.00013503517 
-5.6648952e-06 -5.8387042e-06 -5.3871014e-06 -6.231814e-06 -30.683197 -0.00066279106 
-9.0758319e-06 5.3681371e-08 3.084013e-05 -1.4171886e-05 -111.32656 0.00019812726 
-1.977324e-05 -1.7348059e-05 -4.1014223e-05 -1.0605105e-05 101.47677 -0.00026439084 
-1.4734179e-05 -6.6930654e-06 -9.0626026e-06 1.8454388e-07 -1.7336226 -0.00035811859 
1.2259044e-05 6.4437136e-06 3.5357537e-06 3.1556636e-06 -15.457258 -0.00039526254 
-5.6459025e-06 5.8399912e-06 -5.4858331e-05 3.8847474e-06 2.9640974 0.00073540404 
-5.0866595e-06 1.9036878e-06 1.1382675e-07 -1.2294567e-05 32.809874 0.00033128001 
-1.6393601e-05 -1.6630694e-06 2.4597038e-05 1.9903302e-06 -9.1870529 0.00073434839 
2.7513993e-05 5.6742947e-06 -4.3184632e-05 -1.0485999e-05 -34.428985 0.00031365862 
4.2754334e-05 -9.0389489e-06 3.614585e-05 -5.9783267e-06 -19.911673 0.00048197874 
-1.034599e-05 4.8663297e-07 6.0290378e-06 -1.7704179e-05 12.775352 8.3444073e-06 
1.7776654e-06 1.4228381e-05 -6.8492999e-05 1.903465e-06 -13.606732 0.00047750215 
4.2108294e-05 5.1814829e-06 1.4305956e-06 1.5154482e-05 -69.499507 4.4269173e-05 
-5.2043466e-05 -9.2124758e-06 -3.3044232e-07 -1.8448051e-05 -1.7141783 -8.8690992e-05 
2.7548005e-05 1.2969103e-05 4.0335714e-05 -4.2763868e-06 -74.904331 -0.00022026743 
1.57193e-06 -9.8877454e-06 -8.5174605e-06 3.2139951e-06 -5.4315486 0.00038067437 
-3.247324e-05 -1.1091171e-05 -4.6164615e-06 1.7250291e-06 -14.572406 0.00022840082 
7.8296547e-06 -2.2156431e-07 -8.293143e-06 8.4611221e-06 6.6480186 -3.5694092e-05 
-8.2843385e-06 1.7549617e-05 6.8320917e-06 1.3088616e-05 53.25147 -8.5579707e-05 
-1.9633608e-05 -1.0956138e-05 -1.5470203e-05 -5.8170341e-06 10.953955 -6.0606828e-05 
1.2042425e-05 6.5372009e-06 -5.583257e-05 -7.6505468e-07 116.04753 -0.0001194996 
3.9639199e-06 7.7685936e-06 -2.6692529e-06 -1.5417005e-05 -78.498933 -0.00013935355 
-4.2391942e-05 -7.2127202e-06 -3.2311142e-05 2.7311429e-07 75.846894 -0.00015880138 
2.8210881e-05 8.3794082e-06 -3.3631791e-05 -1.7984097e-06 -11.864542 -0.0001244064 
1.7550171e-05 -7.6308368e-07 -5.2661667e-05 1.5616257e-06 26.027324 -0.00049394176 
2.5559987e-05 5.8137134e-06 -4.2175195e-05 -1.4705841e-06 -52.485988 -0.0005818667 
5.4021505e-05 9.8547891e-06 -1.554166e-05 -7.9949434e-06 -25.30982 -0.00010682238 
-2.9204804e-05 6.1437644e-07 -1.7336407e-05 3.6338583e-07 -84.382634 0.00017950972 
2.8401974e-05 -1.0732261e-06 -3.2571325e-05 7.9110793e-06 -89.778957 0.00019470345 
2.3477492e-05 -1.8311348e-06 -4.8291281e-06 2.4334788e-06 7.594927 -0.00084822409 
3.2047386e-06 6.7814005e-06 3.832417e-06 -1.2183847e-05 125.7114 -0.00026773229 
-9.5389523e-06 3.7309437e-06 8.7879964e-06 -1.0787063e-05 -63.444265 5.4590187e-05 
2.3487516e-05 -3.7364461e-06 5.3363861e-06 -6.6437025e-06 52.861159 -5.6418207e-06 
5.0792027e-05 -1.3183451e-05 -7.9096023e-06 1.5269883e-05 13.755591 0.00016356804 
2.7303787e-05 -1.6134818e-06 5.8897078e-06 -5.5864393e-06 6.918982 -5.2637264e-05 
-1.5093616e-05 -6.5964228e-06 2.0926895e-05 -2.6310242e-06 84.1616 -0.00021300824 
3.4695377e-05 -7.5236631e-06 3.4497519e-05 1.612354e-05 -20.551024 0.00028072777 
9.7795893e-06 6.6458136e-06 5.3336004e-06 7.3193405e-07 -63.473375 5.3391693e-05 
2.619586e-06 4.759092e-06 -4.9045594e-05 -8.3799855e-06 98.867219 -0.00022523699 
-4.190884e-06 1.5249282e-06 2.1470858e-05 5.2168079e-06 19.822872 -3.0492588e-06 
9.7256933e-06 -1.2488032e-05 -2.4983481e-05 4.7122695e-06 46.976013 0.00037664477 
2.4676817e-05 -9.5000607e-06 1.9089521e-05 -5.4596067e-06 86.369468 -0.00037424271 
4.667994e-05 2.9545038e-06 -1.237391e-05 1.0441008e-05 -21.834131 -0.00060179711 
-5.9589908e-06 -1.8098573e-05 -4.2447236e-05 1.2290513e-06 20.713349 0.00027740936 
4.7539079e-06 -2.8240568e-06 1.1502702e-05 -3.523143e-06 61.352697 -0.00034078546 
1.25544e-06 1.277316e-05 -3.4204167e-06 4.9807007e-06 -69.474682 -0.00019403465 
1.3593301e-05 3.3236153e-06 -1.8578681e-05 1.2834508e-05 32.139012 4.2150478e-05 
-2.2725461e-05 -6.4291915e-06 1.8598257e-05 1.8695423e-06 43.964915 0.00068690644 
-2.1383541e-05 1.9249317e-05 -4.5499799e-05 5.1401705e-06 -32.315422 -7.7987779e-05 
1.81806e-05 -7.8431372e-06 -6.1421225e-05 -1.1644303e-06 -95.834084 -0.00015707066 
4.1433776e-06 -1.2768034e-05 4.3442924e-05 2.0817702e-06 90.566542 -0.00018488578 
1.2999489e-05 1.8428593e-05 3.4472765e-05 -1.0248387e-05 66.455761 0.000135001 
-1.3736075e-05 5.2307437e-06 1.7175498e-05 3.4097136e-07 70.176017 -0.00030176883 
1.0541369e-05 2.0282803e-06 -1.0688341e-05 1.0995534e-05 -79.13319 -0.00052249713 
-4.3734244e-05 -1.5691611e-06 3.6931069e-06 -1.8741802e-06 -116.55699 -0.00045680934 
-2.9905575e-05 -2.4592784e-06 4.5981209e-05 -1.4246779e-05 -100.26928 8.5891345e-05 
-1.2616229e-05 -5.4837772e-06 -4.720019e-05 2.5605169e-06 73.301643 0.00024052893 
4.3413731e-05 -3.6071598e-07 2.0421784e-05 -4.9223531e-06 -21.292981 1.6470914e-05 
-1.147384e-05 1.143418e-06 5.2457149e-06 -1.2226138e-05 -26.341668 0.00072259286 
-9.4423045e-06 6.0212266e-06 9.3751359e-06 -2.7553425e-06 -6.2891596 -2.8412654e-05 
6.4199291e-06 -1.2198428e-05 5.1936742e-05 4.6689071e-08 20.577764 0.00059565411 
1.3111504e-05 -1.0691232e-05 -1.8763338e-05 -1.0657213e-06 -3.7558324 -1.4713442e-05 
-1.2677194e-05 -2.098393e-05 5.8351538e-06 1.9383353e-07 -55.873139 -0.00065872807 
-8.4798042e-06 -3.8354565e-06 1.3442701e-05 1.1217794e-05 -68.424944 -3.4154706e-05 
-6.0992258e-05 -4.5971385e-06 -1.6043287e-05 1.2059617e-05 57.196636 1.1688966e-05 
9.6160537e-06 5.6787194e-06 -3.4732224e-05 7.4759823e-06 84.52413 0.00057176624 
-1.9549707e-05 4.649537e-06 -4.9228342e-05 -1.4249051e-05 61.223785 8.4775208e-05 
-1.6121141e-05 -9.0867182e-06 -2.7926678e-05 7.4173676e-06 25.733645 -0.00062578785 
3.6227821e-05 1.0398514e-05 2.0754966e-05 -1.0322279e-05 84.519461 0.00053576495 
1.2564372e-05 1.5023634e-05 -2.0572648e-05 -2.5979161e-06 110.41507 0.00013647932 
7.5414806e-06 -1.0067889e-05 1.0376236e-05 -1.9260759e-05 56.179808 -0.00016253474 
-2.9187556e-06 3.6959867e-06 -1.6530255e-05 1.0104815e-05 0.31033798 -0.00079645975 
1.9717024e-05 -4.1910639e-06 -2.5078655e-05 2.0521034e-05 30.401935 0.00030950246 
-1.3484724e-05 1.0228599e-05 1.6390119e-05 -7.6885993e-06 -37.159167 0.00048302912 
2.5426298e-05 1.4334076e-05 -3.5417931e-05 8.6290875e-06 48.982314 -0.00026268439 
-2.7239767e-05 -1.0833395e-05 5.0380854e-06 -1.883861e-05 -11.943483 0.00033203332 
-1.0408386e-05 -1.650852e-06 -3.0671678e-05 5.8627807e-06 -26.175219 0.00016875886 
-3.4653077e-05 5.6048753e-06 2.7428036e-06 -9.106425e-06 13.326025 8.2801582e-05 
1.7839381e-05 -6.0959324e-06 3.3564576e-07 6.4329805e-06 86.658388 -0.0007377507 
5.0576289e-06 1.0985065e-05 3.5367699e-05 3.318125e-07 4.6730924 -0.00013077224 
-3.6159828e-05 -2.4311827e-06 -3.5339486e-05 1.7021332e-06 16.30542 -0.00048721538 
1.1657125e-05 -2.8560735e-07 3.4246175e-05 -1.0940038e-05 -19.070846 -0.00060051837 
-7.3917348e-06 8.1336818e-06 -3.6332576e-05 1.0420227e-06 -42.891487 -7.7566893e-05 
1.3416995e-06 1.6237406e-05 -8.9928989e-06 -1.0943985e-06 -34.900956 0.00036212356 
-3.1814059e-05 8.4507771e-06 2.7520796e-06 1.2338906e-05 151.79228 -0.00017133348 
-2.5634702e-07 -1.7797734e-05 1.6408056e-05 -3.1712245e-06 -115.3639 -7.2652406e-06 
-2.812862e-05 1.0838975e-06 -1.3666879e-05 -5.4327482e-06 -32.603355 -0.00055958754 
-1.481627e-05 2.6646253e-06 -3.7211168e-05 -1.3756853e-05 -29.038637 -0.00019187832 
1.8667839e-05 1.1049911e-05 -1.2799868e-05 -1.8250204e-06 -46.642692 9.3806773e-05 
-2.9635422e-05 -5.3694397e-06 -7.2240932e-06 8.1310091e-06 -118.79682 -0.00027302501 
-3.0449756e-05 2.2566694e-06 -1.5547722e-05 2.9709033e-07 -26.878673 0.00064884797 
-3.5661262e-05 1.0298306e-05 -2.5637801e-05 1.7070521e-06 39.038054 -0.00025918594 
9.5095068e-06 4.9612907e-06 1.9305359e-05 9.9596398e-06 25.474428 -0.00013136446 
3.1896791e-05 -7.5327443e-06 7.0989641e-06 -1.8791704e-05 48.068243 0.00069468436 
-2.810364e-05 2.4492445e-06 5.6818965e-06 -4.5230642e-06 49.328156 0.0001058403 
-2.8419968e-05 -3.4450829e-06 -2.4530122e-05 -1.2889176e-05 27.63145 0.00025009744 
6.1244116e-06 8.0323254e-06 2.0015218e-06 -1.0463596e-05 -110.17858 -0.00011940835 
2.6606315e-05 -1.0539405e-05 -3.2844463e-06 -9.9016225e-06 9.3760021 -6.2404033e-05 
-5.3215656e-05 7.7753308e-06 2.4621215e-05 -6.0645894e-06 -112.18294 -0.00062935315 
-6.9283168e-06 -1.4288568e-05 3.4934937e-05 6.8644882e-06 -8.5935976 0.00036305908 
3.5451764e-05 7.4179321e-06 -1.6483795e-05 -1.2862396e-05 5.0682164 0.00042615318 
-3.4837381e-05 -1.1304724e-05 2.0264762e-05 5.4502004e-06 -81.748787 -0.00023278426 
-2.8416922e-06 4.8823524e-06 7.537329e-06 5.2154482e-06 81.77417 -0.00034584701 
-3.5059092e-05 -9.2820025e-06 3.3067386e-05 4.8464346e-07 -109.69714 -0.00027679521 
5.3981829e-06 -1.7095695e-05 -1.6393128e-05 -3.9660649e-06 -87.176789 -0.00062740961 
2.4940951e-05 3.4572347e-06 -2.7662145e-05 -7.9646723e-06 -139.79643 7.9919656e-05 
1.3481391e-05 3.1107043e-07 1.5704554e-05 1.5431631e-05 -64.125218 0.00024346755 
-1.5621337e-05 -1.5647778e-06 -1.2530284e-05 -1.6357503e-05 -10.585048 -3.6511302e-05 
-6.4576728e-06 2.692681e-06 -3.8934091e-05 -1.2073477e-06 44.986392 -0.00032701125 
-3.4202663e-05 4.202007e-06 -3.2854326e-05 -3.8008886e-06 -115.17012 9.8522756e-05 
1.030178e-05 1.3944171e-05 3.5122877e-05 4.8851452e-06 92.684107 -0.00018709356 
6.6052892e-06 2.0679549e-06 5.9593892e-05 -1.2851372e-07 -34.966352 -0.00068138702 
6.5839912e-06 1.5052869e-05 -1.929738e-05 2.5974428e-06 73.46877 -0.00050580012 
1.6510101e-05 -1.2305112e-05 -1.1252095e-05 -8.4006915e-06 1.0539441 -0.00068500393 
8.9336644e-06 8.0961379e-06 2.6933281e-05 -4.9466209e-06 47.821533 -0.00034358936 
2.7765765e-05 6.0915385e-06 -1.9391087e-05 1.9454947e-06 -5.4148664 -0.00018042594 
1.8781087e-05 -8.7771271e-06 2.4305504e-05 9.2648755e-07 32.130894 2.734451e-05 
2.0543679e-05 -7.8837034e-06 4.8161798e-05 5.4615156e-06 -9.9953753 0.00042515345 
2.3363238e-05 7.3164658e-06 3.6560734e-05 3.0369779e-06 -95.332908 0.00012364625 
-2.3542283e-05 5.3036781e-06 -1.0391154e-05 7.2554788e-06 -65.068754 -0.00016798612 
2.3880732e-05 7.8789294e-06 -2.6302177e-05 -9.2957199e-06 -69.67943 -0.00011670398 
-4.7283057e-06 -6.1330945e-06 -8.3165742e-06 8.2630366e-06 -14.979567 0.00039716296 
2.3059814e-06 1.2518937e-06 -4.4116692e-05 -8.8343497e-06 37.949926 -0.00053500399 
-1.7213627e-06 -1.0813479e-06 -9.2237662e-06 -6.5452209e-06 40.615726 0.00034708012 
1.2741624e-05 1.036479e-05 -6.4551784e-06 -5.0531283e-06 -27.129558 -0.0001170662 
4.4443534e-05 -9.1836025e-07 1.0727386e-05 9.5155939e-06 -47.38801 -5.8215506e-05 
-6.4355626e-05 3.3269551e-06 3.5940918e-05 -8.4000417e-06 -76.987945 -0.00025622973 
-1.7596164e-06 -1.3301105e-05 -1.7808112e-05 2.5347544e-06 -12.705149 -0.00017403965 
6.3464912e-05 -4.9222138e-06 -2.8542104e-05 -9.5746858e-06 125.22909 5.3581407e-06 
8.5507908e-06 7.3139855e-06 3.4578022e-05 -1.2237774e-05 -132.93148 -7.1019424e-05 
-3.1685742e-05 -1.2736851e-05 -1.1176242e-05 -6.1340847e-06 21.631581 -6.2491939e-05 
-2.4060247e-06 -1.0622957e-05 2.8538698e-05 4.7718266e-06 31.02235 -0.00035929373 
3.2297882e-05 -1.0255071e-05 1.5225134e-05 -1.4348365e-05 -68.689559 -0.0004496701 
3.3471221e-05 3.2189106e-06 4.3561325e-05 -1.3258188e-05 -71.927177 0.00053060536 
-4.293874e-05 -3.9481667e-06 -2.2458856e-06 -8.8222096e-06 -28.08294 -0.000139693 
-1.2405611e-05 -1.7982118e-05 -1.5670246e-05 -5.4454357e-06 2.1131224 -6.7546207e-05 
4.1953351e-06 3.8649146e-06 2.6652977e-05 1.6317207e-05 54.097988 -0.00016738453 
2.1734723e-05 2.9428763e-06 -7.9994582e-06 1.2180434e-05 -20.607017 -0.000263679 
-1.804121e-05 -4.9255888e-06 1.210975e-06 4.0200548e-07 18.481706 0.00020732893 
1.6280635e-05 1.3990347e-05 4.4355637e-05 7.4125269e-06 33.386765 0.00015444686 
-7.819841e-06 -1.6105076e-06 3.1964623e-05 -1.3783688e-05 -12.127619 0.00034950297 
4.8285679e-05 1.9015258e-07 4.070033e-05 1.8191505e-06 -6.512803 0.00072855897 
-1.1704763e-05 -2.1706645e-06 -1.2662999e-05 -1.3354615e-06 42.762299 3.7191836e-05 
3.0447002e-05 -1.0172337e-07 2.3216781e-05 1.9534558e-05 -46.581125 -0.00032723143 
8.1300581e-06 -1.0741454e-05 -4.4818875e-05 5.7336471e-06 15.121252 -0.00030159182 
-1.5277254e-05 1.1839704e-05 3.128301e-05 9.9860847e-06 75.108582 -0.00038561276 
-7.1087483e-06 -1.321415e-05 1.7848463e-05 -5.2226203e-06 -37.009474 0.00017517021 
-1.7312087e-05 1.9748031e-05 4.5950334e-06 1.4395887e-05 13.088321 0.00017767627 
-4.1659533e-05 -4.6287981e-06 4.3379998e-06 6.0338839e-06 -85.771955 0.00062607444 
-1.4038563e-05 -1.0834892e-05 -2.3571837e-05 -9.2936641e-06 -149.57527 0.00016800759 
1.1803437e-05 1.0356878e-06 -8.7466003e-06 4.4915548e-06 -1.9266792 -8.79815e-05 
9.3535419e-07 5.318664e-06 5.3393521e-05 -2.4705719e-06 22.499816 9.6274584e-05 
3.2290534e-06 -3.4074532e-06 -2.8611363e-05 7.5914549e-06 -64.347222 0.00011806302 
-4.865382e-06 -1.3146112e-06 1.9035668e-05 5.3513749e-06 -35.101652 -0.00024195432 
-5.6551252e-05 1.3645645e-06 -1.8311921e-06 -6.3395932e-06 49.892685 -9.0741108e-05 
1.5496735e-05 1.2254048e-05 -3.7536895e-05 -6.8712305e-06 -75.830151 -3.0355914e-05 
2.801215e-05 1.8868237e-05 -5.1797304e-05 -6.182914e-06 -66.98919 0.00016027718 
7.3665893e-06 -1.6714575e-06 2.3775209e-05 1.6264593e-06 111.88007 -1.7231143e-05 
-1.1196894e-05 1.1015029e-05 3.9140277e-05 -9.1057324e-07 -58.408253 -8.4253003e-05 
-3.0894515e-05 2.6836929e-06 -2.3265652e-05 -9.8104129e-06 66.038248 -0.00035570337 
2.7882924e-05 1.6784713e-07 3.6511681e-05 -2.062572e-06 3.6272251 -0.00016212624 
-2.7582104e-05 9.557501e-06 -1.9371039e-05 -8.5686405e-07 -104.01581 0.00042204357 
2.3765894e-05 -2.4591355e-06 -3.134746e-05 -6.6393771e-06 -27.767629 0.00011859948 
-3.76539e-05 2.8516213e-06 4.0769977e-06 -4.4165667e-06 62.036507 -0.00033374703 
6.5984223e-06 -2.0094093e-06 -1.5777744e-06 -4.1891572e-07 5.1879222 0.0001239373 
8.9950497e-08 -3.7175125e-06 -2.0134927e-05 -1.481113e-06 -41.464721 0.00042707602 
-1.6805865e-05 1.5841626e-05 -3.0696006e-05 5.9256244e-06 26.504681 0.00030867858 
4.0057957e-05 -4.2181944e-06 -2.0746087e-05 -1.1460352e-06 37.535784 -0.00022641659 
1.9016333e-05 -1.0854576e-07 -1.8695635e-05 -2.7374535e-06 17.156999 0.00029996783 
7.2177539e-06 -7.8601384e-06 -2.6249384e-05 9.7991186e-06 73.140669 0.00042705246 
4.96273e-05 2.8884222e-06 2.3266678e-05 1.559251e-06 -98.914081 0.00021807397 
-7.6494831e-06 -2.2908238e-06 -4.4693545e-05 -1.4016391e-06 -17.494506 4.33187e-05 
2.6879966e-05 5.6851613e-07 -2.8440798e-05 1.4434744e-06 44.744693 -6.6972235e-05 
-5.8851609e-05 3.684018e-06 -2.8472928e-05 -8.1734716e-06 -33.52724 -0.00032866137 
5.5417702e-05 7.0528516e-06 3.3503483e-05 1.2791399e-05 -53.994343 -0.00040596664 
6.5328499e-06 -7.8633925e-06 -4.2392294e-05 -1.7017907e-06 -64.633601 -0.00051327604 
-2.9799654e-06 -1.3145694e-05 -3.0415101e-05 -2.5154162e-06 -48.014575 -0.0002702008 
5.4511908e-06 -2.5125248e-06 -8.9956526e-06 -1.0159987e-05 24.29924 -0.00064263038 
6.8590426e-06 -4.6427539e-06 -8.2085903e-06 -4.5794927e-06 -132.2697 0.00060304259 
1.0450315e-06 -1.1464453e-05 -1.4750807e-06 -8.702056e-06 105.89361 0.00025599681 
3.8306931e-05 -6.7322778e-06 1.2139975e-05 3.8767867e-06 -55.281252 0.0001410622 
4.0088596e-05 2.4842344e-06 -6.0420563e-05 6.3010796e-07 65.419128 7.06549e-05 
-2.4053945e-05 1.4666951e-07 -2.2825712e-05 6.4348825e-06 93.828053 -8.6926368e-06 
-3.1385951e-05 8.3212477e-06 -5.9021805e-06 -3.9695704e-07 22.593337 -0.00060254589 
1.2666005e-05 -5.3213656e-06 1.4080653e-05 -1.6967115e-05 -27.391613 0.00031853393 
1.5744307e-05 -1.5476175e-05 -2.9252861e-05 -9.0677539e-07 -89.450026 0.00043710544 
3.0429108e-05 1.510847e-05 7.9263801e-06 3.5957887e-06 127.37577 0.00038964947 
1.3174881e-05 -2.0659878e-06 -2.9804043e-05 1.2398657e-05 -5.6410727 0.00060534001 
2.5822135e-05 -4.1097151e-06 -5.8203452e-06 -4.2948095e-06 -19.685163 0.00025953077 
-4.8298332e-05 -1.6276863e-06 3.815082e-07 -1.4341482e-07 24.548228 -0.00036654547 
7.0612722e-06 6.1747183e-06 -2.5172825e-07 -1.0037505e-05 -72.148964 0.00032945206 
6.6605665e-05 -9.4275551e-06 2.5331299e-05 -1.6031425e-05 20.950115 -0.00010940648 
4.2431533e-05 -4.6441118e-06 4.6590113e-05 7.7513773e-06 -8.3833571 -0.00067236388 
-4.526858e-05 -3.156585e-06 4.6141864e-05 -7.8850607e-06 39.118616 0.00050925774 
-8.4577661e-06 1.1038589e-05 1.074769e-05 -1.6264599e-06 39.674443 0.00044209267 
-3.4302321e-05 2.5978908e-06 2.9634226e-05 5.6167543e-06 90.597888 0.00013654462 
5.1041452e-05 -1.8593198e-05 3.0121737e-06 -1.5472649e-05 100.50556 -0.00052473968 
-3.407965e-05 -1.3549203e-05 -3.6746216e-05 2.0271507e-06 -71.060978 3.2466834e-05 
5.9444644e-05 6.582335e-06 3.8660769e-05 -3.6050548e-07 -66.73156 6.1683325e-05 
2.4455775e-05 -8.2052863e-07 1.640947e-05 1.6592258e-05 42.950292 0.00020600352 
-2.1990539e-05 1.068133e-05 1.959362e-05 2.2048437e-06 105.33238 0.0002379576 
-1.982666e-05 3.5672552e-06 -9.537416e-06 -3.9554296e-06 63.999337 -0.00032934186 
2.6736875e-05 7.2341912e-06 -4.6271959e-05 1.512476e-05 -59.334359 -4.0677431e-06 
-1.4597331e-05 -6.0500321e-06 6.4397324e-06 -3.8709325e-06 73.224276 0.00037253697 
1.2276869e-05 1.4758757e-05 -6.0084067e-05 -5.4066742e-06 65.910708 0.00016508594 
5.2618021e-06 -1.2038441e-06 -6.4896135e-06 1.4121177e-06 -28.802707 -0.00061429757 
-2.7117759e-05 1.1506525e-05 3.6160006e-05 -7.7896718e-07 -95.887239 -0.00026839149 
4.1847018e-05 -2.3573927e-08 -3.5718636e-05 1.4742286e-05 15.607106 -0.00015478244 
3.6143615e-05 7.3933636e-06 -3.5667328e-05 5.144993e-06 -84.637555 0.00023542148 
-2.8892457e-05 -1.1701898e-05 5.390743e-05 -1.1511683e-05 60.320437 0.00037055072 
-9.2194551e-06 -9.2974796e-06 3.2149479e-05 -5.0024955e-06 38.115908 -0.00015127373 
3.3158842e-05 -3.2967902e-07 -3.1473576e-05 7.4705165e-06 -50.80783 0.00019919589 
-3.0673451e-05 -6.5037728e-06 -3.8349664e-05 -5.6712959e-06 71.024899 0.00032167509 
-1.3352643e-05 8.1652065e-06 3.7026346e-05 -8.378506e-06 -50.517598 -0.00050012684 
-4.0848964e-05 -4.7620029e-07 1.2392639e-05 2.0780957e-06 7.9307841 0.00072146571 
2.9097424e-05 5.9518105e-06 -1.4094447e-05 -4.6611117e-06 -31.785434 8.0355975e-05 
2.2514185e-05 -1.4802189e-05 5.6329988e-05 1.7162192e-06 44.620662 0.00021350324 
4.392214e-05 1.4870065e-06 -2.1061733e-05 1.1362635e-05 41.041883 0.00029879686 
2.3764617e-06 -1.6785759e-06 2.1802391e-05 -6.3083114e-06 52.499096 0.00053129837 
-2.7884611e-05 4.8540638e-06 -4.6119738e-05 -6.8719308e-07 99.433687 -0.00048835159 
-1.0595003e-05 1.0620716e-05 7.3341447e-06 1.6972596e-06 71.375928 0.00038731844 
-3.2779917e-05 -1.6315325e-05 -3.0439925e-05 -1.5181143e-05 -69.701112 0.00038989591 
-4.907844e-06 9.3432156e-06 -2.4915606e-06 8.7986116e-06 -61.292614 -0.00034995918 
3.5188029e-05 8.4134138e-06 3.0079462e-05 -5.6084879e-06 -121.74646 0.00024025742 
-1.2987711e-05 -2.5404721e-06 -2.3718468e-05 -5.7623498e-06 6.5672844 -0.00050617277 
-1.4252864e-06 -2.845541e-06 8.236945e-06 6.6441525e-06 10.178001 0.0002708697 
-3.4397426e-05 8.7837013e-06 3.1933358e-05 -9.8732848e-06 44.339578 0.00025772682 
1.7892342e-05 -7.3206941e-06 3.7484727e-05 -6.7806671e-06 6.8917175 7.1226664e-05 
4.3841059e-05 1.8998084e-06 -2.2236556e-05 3.3926328e-07 97.115703 -0.00061453156 
1.9515882e-05 1.2964099e-05 3.9229849e-05 1.8753507e-06 -32.830426 -0.00033512851 
-3.5880278e-06 -1.6286448e-05 3.4984437e-05 -7.8312803e-06 -23.784412 0.0005044292 
-5.4259915e-05 1.3045957e-05 3.6092184e-05 4.5873604e-06 97.630068 0.00011620671 
-1.4425801e-05 9.0780698e-06 2.4989759e-05 3.5229078e-06 -44.786366 -0.00019008985 
-1.1233504e-05 7.961538e-06 4.6792903e-05 2.6434238e-06 -126.1688 0.00015467208 
5.7130419e-05 8.9579698e-06 3.1906254e-05 5.1542932e-06 43.610215 0.00048698339 
-3.2811547e-05 1.2841436e-05 5.6388212e-05 -9.9080072e-07 -17.237158 0.00011709951 
-1.6936946e-06 -1.2556527e-05 1.2581473e-05 -1.6385489e-05 -70.286939 -0.00031474242 
4.6467714e-06 1.8303774e-06 -5.2827415e-05 -2.6027651e-06 44.115133 -0.00025816255 
3.183537e-05 1.4739891e-06 3.5289952e-05 -8.4365631e-06 -70.062156 -9.1131553e-05 
1.7511794e-05 -8.7389875e-06 -1.9813358e-05 1.1994559e-05 -61.801371 -0.00031707848 
1.4400342e-05 3.2456817e-06 -2.9069675e-05 -1.4084262e-05 -69.326087 0.00026711733 
1.061169e-05 1.42764e-05 -3.4531558e-05 1.1874106e-05 30.163089 0.00077799526 
7.8526746e-06 1.5557735e-05 1.8244672e-05 -1.2327262e-05 -28.555348 4.1085896e-05 
-8.231433e-06 1.1871468e-05 1.5031664e-05 1.4556504e-05 18.393646 -0.00064153197 
-2.8472561e-05 5.7169778e-06 3.783049e-06 8.5426909e-07 15.799141 0.00015390541 
4.2048833e-06 -5.2262961e-06 3.9794624e-06 1.2898819e-05 6.6175086 -0.00028460815 
-6.2536917e-07 1.0992068e-05 4.4873073e-05 -1.7751245e-05 3.7389151 -0.00058521639 
4.6941664e-05 -2.1905654e-06 2.3749099e-05 1.2056231e-05 25.847766 0.00029174501 
4.75448e-05 -1.7347699e-06 -5.5157845e-06 1.3975086e-05 -16.006166 0.00033519727 
-1.6077915e-05 1.0914928e-05 -1.5552717e-06 -4.3114424e-06 8.6154005 0.00013901981 
6.6567614e-05 -1.3969746e-06 -1.377843e-05 -4.1068024e-06 -8.7667161 0.00011869644 
-1.163558e-05 1.43924e-05 3.2646669e-05 -1.2892147e-05 -8.7109401 -0.00016530734 
-4.0540631e-05 -5.6016806e-06 -1.1636963e-05 9.3755514e-06 58.695592 0.00031543241 
2.4620935e-06 5.3959633e-06 3.5636289e-05 3.224141e-06 -18.127941 0.0006722912 
5.2690976e-06 2.1553765e-06 1.1576384e-05 -8.8345659e-06 96.505488 -0.00022595578 
8.2450144e-06 -8.9296864e-06 -2.8413456e-05 1.2712509e-05 52.718158 0.00027139758 
1.8679012e-05 -7.5375189e-06 2.8901942e-05 3.1537146e-06 23.172624 -0.00029176753 
-9.9407112e-06 -2.0044739e-06 2.6941789e-06 -4.8866631e-06 -22.213672 -0.0003585241 
-6.07073e-06 -1.7925151e-06 -1.0594999e-05 -6.86188e-06 -3.546994 -0.00024000497 
-8.3526372e-06 -5.8604379e-06 1.3664946e-05 -8.1411056e-06 13.399027 -0.00039420881 
-3.9257056e-05 -5.5800085e-06 -4.2852436e-05 1.6028432e-06 69.094014 -0.00011438352 
-5.6935212e-06 7.4217869e-06 -4.7845111e-06 7.3669138e-07 -15.89145 -0.00054531117 
-2.9159479e-05 1.8196258e-06 -3.0797689e-05 -5.0733849e-06 51.465869 -0.00048982195 
-4.3660037e-05 -1.7404695e-06 -1.0810235e-05 -1.0091464e-05 -56.757338 -0.00053636105 
1.0904186e-05 1.6637572e-06 -1.3543936e-05 -2.6372366e-06 58.356977 -0.00013395366 
1.1945839e-05 1.397822e-05 3.5823468e-05 3.7041411e-07 62.085154 0.00019687837 
-1.6298995e-05 6.4113949e-06 -5.7021352e-05 -3.0875726e-06 11.026164 0.00016119049 
-1.2078101e-05 1.4713008e-05 -2.015048e-05 -1.025681e-06 110.82797 -0.0003612309 
1.4505841e-05 -1.1213969e-05 1.1249527e-05 -4.9722888e-06 69.067776 -0.00022105287 
-1.8920394e-05 -1.6900754e-05 -4.4483838e-05 -1.4344402e-05 -148.10791 -1.0397308e-05 
2.5520324e-05 -5.3713094e-06 7.893205e-06 -4.087261e-06 60.501487 -3.7921736e-05 
1.4397687e-05 2.6418649e-07 3.8648518e-05 -9.1050575e-06 55.578586 -0.00051142332 
9.5032952e-06 -1.1937694e-06 2.3914789e-05 1.0271864e-05 -3.0161731 0.00029706391 
-2.8377542e-05 3.8956264e-06 7.9936609e-06 -4.1433984e-06 -28.652816 0.00011122739 
1.4320435e-06 -1.0527134e-05 1.003654e-05 1.0703778e-05 -74.894107 -0.00011382847 
-1.7783382e-05 -5.3665259e-06 -4.8678577e-05 4.7859476e-06 119.95957 1.9813904e-05 
-1.6174156e-05 5.5689985e-06 -1.9236734e-05 -1.6173461e-06 -8.3231508 0.00037538064 
-1.3024513e-05 -2.9269364e-06 1.0220371e-05 -5.8665018e-07 -26.48976 -0.00057893381 
8.7422022e-06 -1.0635278e-05 1.6267893e-05 1.7773018e-05 5.9393654 -6.3665592e-05 
5.6867423e-06 -8.2563622e-06 1.5804506e-05 -1.6135233e-05 103.76958 -0.00040928766 
-6.0140421e-07 -3.9329434e-06 1.6188736e-05 1.5635287e-06 -33.782605 -0.00031634571 
3.5054006e-05 -1.5781865e-05 -1.6213679e-05 -3.5386698e-08 -34.688549 0.00031528654 
5.4751435e-05 7.6907458e-06 5.0237908e-06 3.5898724e-06 51.803843 -0.0004903482 
-2.3624324e-05 7.1011827e-07 3.0208245e-05 1.4928368e-05 -127.98531 0.00014369906 
-9.3674721e-07 -4.7580166e-06 9.0156826e-06 2.111283e-06 -49.24731 -0.00014335911 
-3.4109258e-05 4.6916624e-07 6.876945e-06 -3.3501905e-06 155.98407 -9.8686632e-05 
-2.9571018e-05 -1.7632762e-05 -9.4761991e-06 1.1068648e-05 -7.8768021 -0.00037918748 
-2.9112505e-05 8.7824334e-06 -1.1097551e-06 1.4042974e-05 -95.20099 -0.00018579949 
4.5216536e-05 3.5132933e-06 7.3849911e-06 -2.163814e-06 -98.647849 -0.00012310573 
-4.0924008e-05 -1.05067e-06 -6.4673675e-06 -7.931796e-07 -23.355606 -0.00023091055 
-2.4734542e-05 1.2560789e-05 1.5350749e-05 1.0998038e-05 31.136856 0.00021909189 
3.4781609e-05 -3.7315608e-06 5.4795153e-06 7.0892143e-06 -87.252175 -1.6902196e-05 
-2.7340376e-06 1.0705287e-05 5.286381e-06 -8.7189352e-06 -96.562471 0.00034126525 
1.6654978e-05 5.5708721e-06 3.492747e-05 -7.732605e-06 -92.478514 -0.00039598063 
3.297937e-06 1.6803715e-05 -1.512243e-05 1.8215781e-06 -84.816209 -0.00013466323 
2.1235554e-05 1.3514011e-05 -3.7261467e-05 -1.0263023e-05 104.77131 0.00050622577 
-4.0486176e-05 -7.0253318e-06 -4.3863647e-06 -9.0682842e-07 0.0072615298 -0.00056065871 
-5.9439591e-06 -4.3140442e-06 -1.1186559e-05 -3.152312e-06 68.202917 -9.2110892e-05 
1.9329271e-05 -2.6682939e-06 -3.6932475e-05 -9.1220879e-06 78.612933 -0.00024309054 
7.3163778e-06 4.7511252e-06 4.8040272e-05 1.0271895e-05 2.5006669 0.00060785061 
5.0894306e-05 -2.9819405e-06 -6.1722119e-06 -7.5652033e-06 -1.1086947 0.00055799273 
3.7574896e-05 2.2233278e-06 -5.1472347e-05 -4.9084524e-06 79.538542 0.00056691634 
-1.0688936e-05 -5.9259375e-06 -7.2314644e-06 -3.9460145e-06 -36.216244 -2.8129051e-05 
9.6478106e-06 -6.2270078e-06 2.5435566e-06 7.8272282e-06 7.3531888 0.00017568252 
-2.69705e-05 -9.5068666e-06 2.8269357e-06 7.4564998e-07 53.091045 0.00023998145 
-3.3517414e-05 4.1087579e-06 5.1812278e-05 5.4789088e-06 45.204275 0.00040622903 
-1.0630127e-05 1.6157322e-05 1.4852169e-05 -8.9765158e-06 -157.33768 -0.00038332978 
2.6411256e-05 1.0050603e-05 2.555371e-05 -1.6186126e-05 -33.462599 -7.3609107e-05 
3.1942209e-05 2.4194814e-06 -4.3324905e-06 1.3249257e-05 -56.158499 3.9821715e-05 
2.2640657e-05 -3.7333062e-06 -2.1281868e-05 7.920442e-06 71.405604 5.3734484e-05 
-2.1037424e-05 -7.7617351e-07 3.6541404e-05 -9.2669039e-06 62.060204 8.8883074e-05 
8.465763e-06 2.8193838e-06 -6.1004289e-05 6.9074743e-08 -93.848486 -6.5563655e-05 
-1.9012234e-05 9.9194925e-06 5.0701088e-06 -4.1555865e-06 -55.737224 0.00012591528 
3.425591e-05 -5.7436821e-07 2.5288774e-05 2.1704426e-06 5.7744485 4.762751e-05 
2.5497596e-05 1.2346388e-06 1.7666236e-05 1.1888807e-05 25.937788 -0.00014859989 
-3.2088745e-05 8.6882252e-06 5.9371679e-06 -1.7452693e-05 88.642492 8.6741299e-05 
-3.0974109e-05 -4.9458495e-06 -5.406744e-05 8.5422956e-06 57.644373 -0.00035686214 
2.4885717e-05 1.1565088e-05 1.1685007e-05 2.738698e-06 -44.743799 0.00059246567 
1.2734795e-05 -7.0833981e-06 1.7959356e-06 3.2522683e-06 -42.203433 -0.00031059015 
6.5391075e-05 -7.0209306e-06 -2.7355777e-05 1.6129297e-06 0.077487158 0.0004296983 
2.6976248e-05 1.090272e-05 -1.1328669e-05 -1.0101153e-05 78.975534 -2.6347128e-05 
3.2082598e-05 5.2207349e-06 3.0794301e-05 9.8229319e-06 -38.151355 -0.00016143066 
-2.5377168e-05 3.2480105e-06 -2.4815829e-05 -3.9483553e-06 37.837085 -0.00012854466 
3.9056198e-05 1.2521055e-05 2.0185607e-05 -1.602203e-06 -52.907364 -3.1003477e-05 
-5.0603678e-06 -4.5152895e-06 -2.8089967e-05 2.4324762e-06 -27.815628 -7.2773528e-05 
-5.0229854e-05 -4.2364071e-07 -1.7535124e-05 5.8566653e-06 -4.4042034 -0.00019306649 
1.1251647e-05 -7.3652904e-07 -1.9612344e-05 -3.1222095e-06 50.028507 -0.00056025338 
-4.1836189e-05 7.2036947e-06 -1.7890779e-05 -9.2442495e-07 -9.7503297 -0.0003680738 
-1.7950699e-05 5.8492581e-06 1.3280608e-05 5.5258384e-06 -45.282811 -0.00043809649 
3.495056e-06 3.985298e-06 1.2772775e-05 8.1746275e-06 -6.2025733 0.00011731579 
2.4608772e-05 7.4870167e-06 -1.6551899e-05 -2.0578313e-06 6.9229747 -0.0003350178 
-3.3573077e-05 1.5172492e-05 -4.5805365e-05 5.5380619e-06 48.280865 0.00038112007 
-8.5104558e-07 -5.6624533e-06 1.8659801e-05 9.3106762e-06 -46.498819 0.00057406139 
1.8005089e-05 4.2965806e-07 8.1496802e-06 -1.6066527e-06 13.293113 -0.00065556361 
3.897335e-06 1.9377245e-05 5.4410086e-06 1.4598914e-05 83.057882 0.00017255497 
4.5625377e-05 1.4599937e-05 1.6101587e-05 1.1014018e-06 43.56293 0.00024372124 
3.9981552e-05 4.6502341e-06 3.7194943e-05 4.9836314e-06 -68.56643 -2.0971083e-06 
-2.9096637e-05 -1.1619048e-05 -5.0412427e-05 -1.570712e-06 -29.912726 -0.0002560972 
