27.3097  -2.28728  30.4412  -2.6248  -1.70961  0.00062188
27.3461  -2.27041  31.4217  -2.50492  0.716858  0.000156987
30.823  -2.19871  30.8894  -2.48369  1.09667  0.00204351
26.4581  -2.41624  29.4411  -2.82815  -0.588942  -0.000568139
25.8497  -2.55556  28.0926  -2.60667  1.11766  -0.00152107
26.3755  -2.61765  26.086  -2.44764  0.844616  -0.00212418
30.0137  -2.24572  29.7984  -2.24475  0.987183  0.00214268
28.6527  -2.26669  29.4351  -2.54155  -1.88453  7.97188e-06
28.287  -2.34091  30.0734  -2.54968  0.155728  0.000733539
25.4071  -2.28411  27.2637  -2.56514  0.301983  -0.00209095
28.2603  -2.38193  26.8513  -2.44828  -1.89627  0.000929975
27.6208  -2.13207  28.3137  -2.46393  -1.08984  0.000544204
24.617  -2.50803  25.8255  -2.73549  -1.98032  -0.00167754
27.7525  -2.32081  30.2947  -2.58758  -1.47685  0.000625741
25.8767  -2.38191  31.463  -2.65536  1.43102  -0.000497116
29.0733  -2.30272  33.1548  -2.52757  0.87798  0.0011906
30.5193  -2.26249  31.0795  -2.55469  -0.309239  0.0017209
26.9879  -2.2744  30.1121  -2.39742  -1.41315  -0.00208387
26.0726  -2.05723  30.8533  -2.33178  -0.200745  0.00120627
26.3927  -2.56487  28.8085  -2.46275  1.71273  0.000289374
25.3754  -2.48611  27.3277  -2.4565  -1.04537  -0.00145512
28.808  -2.17738  30.4178  -2.40396  -0.89268  0.00171577
26.4283  -2.31994  33.1173  -2.44453  0.751546  0.000966825
27.8028  -2.20599  29.4714  -2.47251  -1.5687  0.00275946
27.3708  -2.26669  27.8855  -2.64388  0.762317  0.000394326
26.0884  -2.29472  28.1075  -2.67776  1.90821  -0.000609115
25.9473  -2.1392  29.6063  -2.55115  1.28347  0.00130905
27.4595  -2.2226  29.8655  -2.33693  -2.0903  -0.000404268
30.6148  -2.33736  29.1436  -2.48449  0.950977  0.0016347
26.6614  -2.34147  32.389  -2.56356  2.08974  0.00124764
27.3875  -2.35989  32.0284  -2.66082  -0.46295  0.00198407
30.475  -2.19829  30.6052  -2.34927  0.421429  0.00210581
29.0576  -2.30269  26.4714  -2.64571  0.0613005  -0.000896076
24.5104  -2.48432  29.9658  -2.62652  -0.463931  -0.00199712
28.9647  -2.46733  30.0505  -2.62841  2.04409  -0.000154896
24.1783  -2.36575  27.1364  -2.34911  -1.43227  -0.00161122
28.4865  -2.34295  30.5652  -2.54919  0.894345  -0.000332279
27.2183  -2.28526  29.8098  -2.64909  -0.756717  -0.00074636
26.28  -2.16626  28.4427  -2.59397  -1.03019  -0.000598887
27.7902  -2.30469  27.7318  -2.49384  0.369146  -0.000595799
24.9489  -2.4372  29.0334  -2.39961  0.0727292  -0.000992581
27.0181  -2.17462  30.1306  -2.30431  -0.713608  0.000224604
29.3245  -2.38507  31.0251  -2.39644  1.50672  0.0027231
25.8106  -2.12963  30.324  -2.59986  -1.4655  0.00137787
26.8451  -2.23587  29.6407  -2.40546  0.870632  -1.97807e-05
26.4709  -2.2693  29.7399  -2.69755  0.119995  -0.00039187
28.7884  -2.19784  28.1488  -2.466  0.756372  4.92917e-05
27.2275  -2.61459  26.9053  -2.51734  0.780006  -0.000451074
27.2279  -2.56206  28.0014  -2.36644  0.370038  -0.00100445
26.0431  -2.30411  26.9657  -2.74222  1.39928  -0.00175477
26.7954  -2.15632  28.2054  -2.54746  -0.923084  -0.000499207
26.2399  -2.19904  31.6282  -2.57211  -1.46615  0.0017398
26.0678  -2.54229  28.682  -2.71909  -1.56606  -0.000876548
25.9727  -2.29043  28.4604  -2.49569  1.41818  -0.002214
27.7583  -2.26442  25.9014  -2.42174  -1.60537  -0.000786959
28.0774  -2.33584  28.9595  -2.79948  -1.57639  -2.5931e-05
27.0649  -2.12067  33.8205  -2.40919  -0.514685  0.00220967
26.7708  -2.1971  29.6232  -2.42349  -0.266049  -0.000209691
30.4017  -2.37557  30.4568  -2.4058  -1.35847  0.00153141
25.1188  -2.18244  30.3634  -2.60847  -1.96986  -0.000385202
27.2739  -2.11845  29.9145  -2.38015  1.04344  0.000828283
27.3564  -2.441  29.0689  -2.36667  -0.715786  -0.000217616
26.7853  -2.31403  30.1157  -2.49258  -1.02628  -8.8751e-05
26.597  -2.49424  26.9309  -2.46667  1.94989  -0.00314144
25.8754  -2.13575  30.2251  -2.32576  -2.0193  0.000164937
26.7508  -2.27045  28.6883  -2.57694  -1.37505  -0.00165577
24.4982  -2.25608  26.8577  -2.50708  0.489934  -0.0016696
28.008  -2.31838  27.6993  -2.52136  -0.989656  -0.000274348
29.4854  -2.32288  30.2269  -2.59455  -0.881461  0.00110273
29.9279  -2.32906  28.8818  -2.71945  -1.08708  -8.07427e-05
27.1048  -2.08742  28.5117  -2.30353  1.94146  1.20174e-05
26.9217  -2.14092  31.3812  -2.69666  0.44198  0.000536756
24.8016  -2.39543  30.8385  -2.52769  0.689877  6.06357e-05
29.1777  -2.29849  30.8302  -2.51828  1.08133  0.000583581
26.4017  -2.41262  30.2925  -2.37343  1.79726  0.000525388
26.4321  -2.40011  30.2015  -2.7128  -1.12239  0.000251558
27.9247  -2.39618  30.7547  -2.53161  1.99855  0.000694407
27.6472  -2.44247  30.8367  -2.31373  -0.134057  0.000488374
28.6725  -2.48235  28.6366  -2.58881  1.34496  0.00135198
30.4636  -2.03975  34.1581  -2.65592  -0.27051  0.00349961
30.4433  -2.51602  30.3375  -2.60384  1.09717  0.00219047
27.0703  -2.45543  27.9732  -2.42171  1.75714  -0.00114823
27.9617  -2.47941  28.9274  -2.53701  0.071243  -0.000396399
27.3879  -2.07937  30.6268  -2.73799  0.359831  0.000660487
25.9891  -2.26703  27.8989  -2.41685  -0.0368995  -0.00177499
30.4439  -2.48645  30.4647  -2.39062  0.698311  0.00180725
24.6738  -2.34576  30.0037  -2.53363  -0.386018  -0.00143788
26.2743  -2.35948  28.8951  -2.51785  1.3873  0.000412052
26.178  -2.31139  27.9401  -2.38418  1.83613  -0.000360499
27.5027  -2.188  30.9505  -2.61816  -0.291288  2.71405e-05
26.1689  -2.34263  32.2167  -2.52066  -0.550089  -0.00046938
28.267  -2.07692  29.8639  -2.32182  -0.676423  5.32258e-05
24.8477  -2.59732  26.2113  -2.60052  -0.0602585  -0.00153394
27.1497  -2.19604  31.0585  -2.48759  1.34474  0.000815237
25.9738  -2.15242  30.4742  -2.55183  0.299456  0.000555337
26.7961  -2.45101  28.8743  -2.3676  -1.84273  0.000402026
27.8484  -2.26432  30.7433  -2.48765  0.107207  0.000477657
23.9578  -2.39695  27.9839  -2.60389  1.60909  -0.00207914
27.4043  -2.37792  30.1836  -2.64931  0.0810033  9.59304e-05
29.7395  -2.39253  29.5  -2.41663  -0.349107  0.00079737
26.8936  -2.42003  30.4537  -2.43178  0.335529  -0.00109612
25.91  -2.19473  27.6981  -2.37716  1.51476  8.63978e-05
24.9961  -2.34696  29.0197  -2.59444  1.5864  -0.00146156
26.576  -2.37711  28.193  -2.54809  -0.0563687  -0.000263968
26.032  -2.4325  26.9861  -2.55433  -0.383831  -0.000849374
26.0379  -2.59004  28.1364  -2.58222  -0.55047  -0.00180001
29.6974  -2.09572  32.2089  -2.48999  -0.494873  0.00239871
27.9912  -2.22383  31.0059  -2.40753  0.419342  0.000203332
27.3408  -2.15427  31.2307  -2.62927  0.614135  -0.000496372
27.0487  -2.38555  30.6551  -2.39489  0.698704  0.000360611
23.8588  -2.565  26.0628  -2.41704  1.48657  -0.00252501
26.9655  -2.3547  27.6011  -2.47525  -1.88857  -0.0020993
27.2155  -2.07132  31.6304  -2.52893  -0.752084  0.000883173
25.7701  -2.41585  27.636  -2.46512  -0.174728  -0.0011074
24.8268  -2.35865  27.1952  -2.56439  1.43256  0.000322811
28.5731  -2.12435  31.0221  -2.25097  1.3381  0.000482167
26.1596  -2.43216  29.2724  -2.48789  2.02025  -0.00123588
26.3763  -2.29868  28.526  -2.44237  0.692722  -0.000243853
26.0765  -2.21945  30.136  -2.46362  -1.33602  0.000827958
29.6802  -2.42269  29.0231  -2.27674  0.144176  0.00238615
26.3112  -2.4645  32.5537  -2.49267  0.109653  0.000122287
28.3924  -2.14187  31.7542  -2.35306  -0.242997  0.00200232
28.5928  -2.39432  30.7657  -2.62836  0.919668  0.00130871
29.7233  -2.05303  29.628  -2.33668  1.48594  0.00179677
27.1334  -2.28677  28.9243  -2.46898  0.676384  -0.000153584
28.6475  -2.34594  32.6691  -2.61799  -2.07216  0.0015083
26.9554  -2.31287  29.9698  -2.52977  -0.240096  -0.00019127
27.0236  -2.08165  30.9874  -2.4622  0.289488  0.00123875
25.9119  -2.25553  26.414  -2.34603  -1.35361  -0.00205649
28.2568  -2.31162  29.3472  -2.47826  1.93314  -0.000239543
28.5124  -2.13686  29.8397  -2.77035  -2.06514  0.000219755
29.5866  -2.48972  30.6223  -2.74092  0.956614  -0.00022641
29.4655  -2.21952  32.8796  -2.51764  -2.00219  0.00282875
26.7584  -2.43756  30.2651  -2.51786  0.619554  0.000939443
27.5797  -2.42793  30.2274  -2.49719  0.332891  -0.000447675
24.6051  -2.30911  30.3567  -2.71063  -1.40362  -0.00144731
28.628  -2.28261  30.0275  -2.57482  1.14305  0.00169596
29.4588  -2.25636  31.3741  -2.46203  -1.52071  0.000775399
27.6766  -2.30398  29.9446  -2.34425  1.04826  -0.000327283
25.9766  -2.25909  29.186  -2.59477  -1.43484  -0.00141386
25.5749  -2.43672  29.5675  -2.43861  -0.446018  -0.000255346
27.764  -2.32817  31.2888  -2.39903  1.45938  0.00156456
27.2373  -2.3999  29.8805  -2.33373  -0.980679  0.00213239
27.7941  -2.51524  28.6368  -2.51942  -0.261664  -0.00135343
25.3483  -2.62797  25.8246  -2.68019  -0.616981  -0.00184675
28.2214  -2.19326  28.5705  -2.78513  -1.45542  0.000192057
27.5598  -2.36559  32.5258  -2.61047  -2.0211  0.00153755
27.9776  -2.5494  26.7516  -2.61189  -1.64049  -0.0014588
29.1934  -2.4589  34.7264  -2.43491  -1.14316  0.00348515
25.9326  -2.47535  27.0393  -2.63552  -0.359447  -0.00292662
26.3195  -2.24083  26.9492  -2.35015  2.04055  -0.000431913
27.3299  -2.50526  30.7799  -2.60881  1.02506  -0.000563204
25.1323  -2.05093  28.8739  -2.3386  1.98884  -0.00157852
24.943  -2.47939  29.3255  -2.54027  -1.00886  -6.31426e-05
28.3726  -2.34644  27.3913  -2.4564  1.24808  -0.000324885
25.1569  -2.26306  29.5807  -2.61752  0.0569987  -0.000446834
25.8073  -2.32898  28.5165  -2.65016  0.792513  -0.000222575
28.2002  -2.55089  27.9695  -2.5533  1.67316  -0.000743388
28.0487  -2.27296  28.0088  -2.47791  -1.52123  0.000895026
28.7367  -2.2243  29.9835  -2.57085  -2.09377  0.000731214
26.0527  -2.53767  28.0002  -2.57042  -1.25993  -0.00096389
29.3942  -2.30064  28.8402  -2.49283  2.09023  0.000525191
25.8543  -2.23086  29.4366  -2.42687  -0.37911  -0.000989208
25.9007  -2.31889  30.0137  -2.54821  -0.761057  0.00128832
26.4262  -2.21254  31.0347  -2.39423  0.476991  0.000354299
28.2448  -2.44703  30.0379  -2.36739  0.232355  7.37116e-06
28.0726  -2.29745  31.0467  -2.60105  0.453086  -0.000629819
30.4615  -2.18326  28.5551  -2.60191  1.02048  0.00237127
25.0442  -2.44209  29.4434  -2.51114  0.775544  0.000182675
27.3114  -2.47796  28.1669  -2.70833  1.98272  -0.000625576
25.3883  -2.27355  29.2305  -2.41432  0.133531  -5.70431e-07
28.3201  -2.13477  31.3148  -2.57143  -1.26326  0.00115915
29.8939  -2.49807  30.0698  -2.55653  0.927564  0.000836982
29.123  -2.2603  28.3045  -2.59818  1.316  0.00036572
29.1246  -2.02539  32.3442  -2.62735  -0.753245  0.00335434
29.1522  -2.39069  32.4096  -2.42349  0.63616  0.000973864
25.4855  -2.46017  28.3096  -2.48602  1.7642  -0.00108077
28.9122  -2.35659  31.3495  -2.34956  -1.06817  0.00260596
24.6815  -2.59553  29.4544  -2.48773  0.412825  -0.00287616
24.8554  -2.24936  28.2728  -2.51962  1.83115  -0.00262969
28.5248  -2.40955  28.804  -2.67289  -0.0539142  -0.000298879
24.2622  -2.38707  31.3495  -2.51681  -1.70948  -0.00168703
25.0549  -2.27378  30.5191  -2.68384  -1.37169  -0.000274399
26.7014  -2.1641  30.7555  -2.28689  0.270481  0.00253719
27.6056  -2.30141  30.0212  -2.65349  -0.695549  -0.00179204
25.6992  -2.35344  29.2031  -2.73943  -0.689882  -0.00089423
24.8822  -2.44243  28.8644  -2.44219  -1.50472  -0.00246771
23.9282  -2.55954  27.1872  -2.49515  -0.908908  -0.00199824
24.966  -2.24263  27.6239  -2.3058  -1.91831  -0.000677733
26.0599  -2.48463  29.6015  -2.55649  2.06244  -0.00256448
28.8779  -2.20062  31.6222  -2.48936  2.03187  0.00218325
28.5382  -2.40109  32.5766  -2.40651  -1.86649  0.00211238
25.6742  -2.30824  30.6056  -2.42734  1.99003  0.0016685
28.603  -2.32616  28.6265  -2.62556  -1.00057  0.000858279
26.0788  -2.37334  29.7961  -2.51799  -0.00197204  0.0013181
27.4616  -2.47754  29.8116  -2.59179  -0.254856  0.000919569
28.8048  -2.3302  29.0124  -2.82835  -1.13641  -0.000541561
28.4667  -2.18467  29.2014  -2.49916  0.0923256  0.000541824
26.6999  -2.54777  28.16  -2.55941  1.9666  0.000978597
26.0975  -2.26772  29.3069  -2.53931  1.28409  0.000831657
27.617  -2.40772  31.5239  -2.45324  -0.52275  0.00127291
24.2875  -2.26239  27.3636  -2.309  1.22952  -0.00111372
24.7914  -2.43441  28.3144  -2.42873  -1.21275  -0.00197043
28.2121  -2.21652  29.4728  -2.26185  -0.376855  -0.000285776
29.0517  -1.9619  31.159  -2.31977  0.66452  0.00143469
28.0078  -2.50934  27.7017  -2.79017  -0.512707  -0.0013077
28.9728  -2.07889  29.5534  -2.40965  -1.41896  0.00195133
27.0291  -2.50373  30.9148  -2.65223  1.29057  0.00115507
23.5061  -2.48626  29.1202  -2.53179  0.377208  -0.00197467
29.6002  -2.23823  32.7597  -2.62238  0.319786  0.0015806
29.1981  -2.04621  33.2561  -2.27019  -1.37215  0.00261958
26.4927  -2.2007  29.5253  -2.40543  0.208707  3.10971e-05
27.2539  -2.37898  29.5689  -2.50693  0.759668  -1.06945e-05
26.3232  -2.28228  29.5115  -2.37277  0.428002  -0.000766988
27.4966  -2.15916  29.774  -2.70953  -0.86852  0.00118172
28.089  -2.4693  28.8166  -2.59657  -1.05886  -0.000840272
23.3983  -2.50426  26.4412  -2.78282  0.835786  -0.00238325
28.7129  -2.10615  28.7071  -2.66049  -1.91264  0.000184186
24.5582  -2.22999  29.741  -2.28101  0.0714703  0.000120273
26.6511  -2.43356  30.4986  -2.62422  -1.71089  0.00152914
26.0973  -2.40223  29.6674  -2.51272  -1.55068  0.00158834
26.6519  -2.21673  28.9196  -2.47711  -1.22606  -0.000357204
28.865  -2.33307  29.6918  -2.3223  1.16011  0.000500977
30.2406  -2.19377  32.1731  -2.39278  1.99923  0.0036294
27.5647  -2.50084  29.6796  -2.42786  1.9815  0.00036276
27.2794  -2.23394  32.5218  -2.43306  -1.04595  0.00188086
30.5382  -2.16181  31.5168  -2.55139  -2.01134  0.00299021
27.3421  -2.37925  29.1296  -2.71592  -1.7309  0.000281369
29.0998  -2.54426  29.8446  -2.5791  -0.296827  0.000627079
29.2994  -2.31544  29.8421  -2.55504  0.40421  0.00112534
28.1555  -2.48567  29.6819  -2.57556  1.32878  0.00119431
26.987  -2.33482  30.8851  -2.51744  1.01241  0.00163172
26.6339  -2.28481  26.6696  -2.52514  -0.201552  -0.00201652
23.8584  -2.33206  28.2379  -2.60649  1.51554  -0.00179944
25.4762  -2.4346  29.1259  -2.53256  0.525139  0.00056633
26.6435  -2.24823  28.2232  -2.57074  0.538529  -0.002723
26.577  -2.30628  28.5074  -2.47574  -1.00881  -0.00157192
25.0436  -2.25972  32.079  -2.52497  0.514665  -0.000171938
24.6125  -2.51456  25.9049  -2.59488  0.590163  -0.0025714
29.1622  -2.24435  30.3303  -2.52625  -0.92742  -5.84445e-05
26.3712  -2.28618  28.9186  -2.56341  0.551628  0.000850082
28.1719  -2.35021  31.068  -2.56361  -1.1865  8.21071e-05
30.8036  -2.23964  30.7005  -2.50563  0.185285  0.00214078
29.7768  -2.23222  31.6313  -2.49446  1.1243  0.00232152
28.6624  -2.33712  33.0427  -2.5399  -1.21102  0.00237704
27.0965  -2.24138  29.3047  -2.2444  -0.806168  2.57693e-06
30.3036  -2.21769  27.103  -2.52661  -0.607455  0.00145846
27.2244  -2.60406  28.5703  -2.52285  1.13414  -0.000703435
23.8172  -2.25931  28.8736  -2.29918  -0.247567  -0.00121148
26.1833  -2.47722  28.8429  -2.40204  1.81488  -0.000773866
29.6172  -2.1077  30.9404  -2.41802  -1.40358  0.000713229
25.3822  -2.58333  26.4208  -2.55556  -0.231456  -0.00118506
28.163  -2.34913  30.6164  -2.61098  -2.0013  -0.00017171
28.0471  -2.41088  27.3162  -2.51405  -1.47129  -0.0012093
27.5407  -2.15066  32.0285  -2.21508  -1.37684  0.00221559
25.9099  -2.27702  29.9126  -2.62789  -0.245757  0.00039538
27.4922  -2.14465  29.2708  -2.38292  0.988511  0.000796239
28.6993  -2.12264  29.0069  -2.49002  -1.32227  0.000222666
27.9451  -2.1537  27.353  -2.63525  1.55786  -0.000463938
25.4428  -2.19612  31.4029  -2.69899  0.651706  -6.72809e-05
