

 TeaPot Nodes present in ring. nTPNodes = 621


Ring::alphaX        = 0.0679964
Ring::betaX         = 7.06106
Ring::gammaX        = 0.142276
Ring::alphaY        = 0.043867
Ring::betaY         = 10.9157
Ring::gammaY        = 0.0917878
Ring::etaX          = 0
Ring::etaPX         = 0
Ring::nuX           = 6.78995
Ring::nuY           = 6.20246
Ring::chromaticityX = -8.05567
Ring::chromaticityY = -7.41458
BG-A2_X       = -5.86424e-07
BG-A2_Y       = -7.32186e-07

0.883053   0.883053   7.05192   -0.0576414   0.0199691   10.9098   -0.0371866   0.0128929   0   0
1.87342   0.990369   7.30564   -0.198548   0.0419995   11.0734   -0.12809   0.027253   0   0
2.96333   1.08991   7.90745   -0.353616   0.0649009   11.4617   -0.228131   0.0426744   0   0
3.85358   0.890253   8.64982   -0.480278   0.0820663   11.9406   -0.309845   0.0547975   0   0
6.73808   2.8845   12.6043   -0.890675   0.126613   14.4918   -0.574607   0.0899827   0   0
7.27108   0.533   16.5321   -6.98068   0.132696   12.2455   4.49382   0.0961344   0   0
7.69308   0.422   22.9594   -8.25009   0.136143   8.76093   3.76342   0.102621   0   0
8.36608   0.673   26.9287   2.95812   0.140238   6.40081   0.0894845   0.117677   0   0
8.36688   0.000796   26.924   2.95783   0.140243   6.40066   0.0893591   0.117697   0   0
8.54696   0.180077   25.8705   2.89263   0.141329   6.37359   0.0610005   0.122185   0   0
8.68338   0.136424   25.088   2.84323   0.142181   6.35987   0.0395163   0.125595   0   0
8.68338   0   25.088   2.84323   0.142181   6.35987   0.0395163   0.125595   0   0
8.99988   0.3165   23.3245   2.72863   0.144263   6.35064   -0.0103265   0.133525   0   0
10.3856   1.3857   16.4576   2.22689   0.155529   6.68165   -0.228549   0.167642   0   0
10.8136   0.428   14.6177   2.07192   0.159922   6.90613   -0.295951   0.177676   0   0
10.9256   0.112   14.1581   2.03137   0.161161   6.9744   -0.313589   0.180245   0   0
11.3536   0.428   12.4856   1.87639   0.166285   7.27168   -0.380991   0.189816   0   0
12.2501   0.8965   9.41222   1.55178   0.179462   8.08137   -0.522173   0.208471   0   0
13.0891   0.839   7.06321   1.24799   0.195868   9.06843   -0.6543   0.224094   0   0
13.4101   0.321   6.29931   1.13176   0.20353   9.50471   -0.704851   0.229598   0   0
14.2491   0.839   4.65509   0.827974   0.228289   10.7983   -0.836978   0.242794   0   0
14.6339   0.384788   4.07151   0.688648   0.242374   11.4657   -0.897575   0.248299   0   0
14.9264   0.2925   3.69963   0.582738   0.25438   12.0043   -0.943638   0.252267   0   0
14.9264   0   3.69963   0.582738   0.25438   12.0043   -0.943638   0.252267   0   0
14.9264   0   3.69963   0.582738   0.25438   12.0043   -0.943638   0.252267   0   0
14.9264   0   3.69963   0.582738   0.25438   12.0043   -0.943638   0.252267   0   0
15.1215   0.195079   3.48605   0.512103   0.26303   12.3785   -0.974359   0.254815   0   0
15.2189   0.0974206   3.38971   0.476828   0.267541   12.5698   -0.989701   0.256058   0   0
15.2296   0.010712   3.37954   0.472949   0.268044   12.591   -0.991388   0.256193   0   0
15.7296   0.5   3.43058   -0.579552   0.292031   11.9232   2.26701   0.262546   0   0
15.8558   0.126212   3.58308   -0.6287   0.297762   11.3591   2.20202   0.264272   0   0
16.2098   0.354   4.07699   -0.766548   0.312524   9.86461   2.01974   0.269595   0   0
16.7593   0.549534   5.03708   -0.980539   0.331871   7.80027   1.73678   0.279572   0   0
18.2   1.4407   8.67065   -1.54155   0.366848   3.86465   0.994957   0.321829   0   0
18.6341   0.434034   10.0822   -1.71057   0.374239   3.09797   0.77147   0.341846   0   0
18.9266   0.2925   11.1162   -1.82447   0.378637   2.69071   0.620859   0.357998   0   0
18.9266   0   11.1162   -1.82447   0.378637   2.69071   0.620859   0.357998   0   0
18.9266   0   11.1162   -1.82447   0.378637   2.69071   0.620859   0.357998   0   0
18.9266   0   11.1162   -1.82447   0.378637   2.69071   0.620859   0.357998   0   0
19.1185   0.191922   11.8308   -1.8992   0.3813   2.47136   0.522037   0.369854   0   0
19.2191   0.100578   12.2168   -1.93837   0.382632   2.37156   0.470249   0.376468   0   0
19.2298   0.010712   12.2584   -1.94254   0.382771   2.36155   0.464733   0.377188   0   0
19.7298   0.5   12.0846   2.26992   0.389125   2.40848   -0.563929   0.411794   0   0
19.856   0.126212   11.5197   2.20566   0.390828   2.55955   -0.632997   0.419888   0   0
20.21   0.354   10.0219   2.02543   0.396072   3.07629   -0.82672   0.44002   0   0
20.7595   0.549534   7.94958   1.74565   0.405877   4.15017   -1.12745   0.464595   0   0
22.2002   1.4407   3.97639   1.01216   0.44712   8.53465   -1.91585   0.503509   0   0
22.6343   0.434034   3.19368   0.791185   0.466552   10.3008   -2.15338   0.510879   0   0
22.9268   0.2925   2.77439   0.642267   0.482217   11.6074   -2.31344   0.515136   0   0
22.9268   0   2.77439   0.642267   0.482217   11.6074   -2.31344   0.515136   0   0
22.9268   0   2.77439   0.642267   0.482217   11.6074   -2.31344   0.515136   0   0
23.1152   0.188402   2.55045   0.546347   0.493499   12.4985   -2.41654   0.517626   0   0
23.2193   0.104098   2.44222   0.493348   0.500139   13.0076   -2.47351   0.518925   0   0
23.23   0.010712   2.43171   0.487895   0.500839   13.0606   -2.47937   0.519056   0   0
23.73   0.5   2.50182   -0.636781   0.534368   13.0665   2.46828   0.52496   0   0
23.8556   0.125662   2.67073   -0.707376   0.542109   12.4548   2.40007   0.526528   0   0
24.1726   0.317   3.17566   -0.885462   0.559467   10.9877   2.22801   0.530841   0   0
24.7597   0.587084   4.40897   -1.21528   0.584541   8.55869   1.90934   0.540483   0   0
26.2004   1.4407   9.07673   -2.02464   0.621108   4.18374   1.12734   0.579181   0   0
26.5854   0.385022   10.7191   -2.24094   0.627322   3.3961   0.918356   0.595466   0   0
26.8944   0.309   12.1576   -2.41453   0.631631   2.88038   0.750633   0.611216   0   0
26.8944   0   12.1576   -2.41453   0.631631   2.88038   0.750633   0.611216   0   0
27.1183   0.223866   13.2668   -2.5403   0.634436   2.5715   0.62912   0.624322   0   0
27.2034   0.0851335   13.7034   -2.58813   0.635441   2.46832   0.582911   0.629701   0   0
27.2097   0.006224   13.7357   -2.59162   0.635514   2.46108   0.579532   0.630103   0   0
27.7507   0.541   13.9441   2.23062   0.641544   2.4117   -0.482623   0.666884   0   0
27.9199   0.169274   13.2012   2.15808   0.64353   2.58974   -0.56916   0.677672   0   0
28.2499   0.33   11.8236   2.01666   0.647734   3.02105   -0.737865   0.696493   0   0
28.7599   0.509972   9.87816   1.79811   0.655247   3.90659   -0.998576   0.720207   0   0
30.2006   1.4407   5.58657   1.18071   0.686311   7.845   -1.7351   0.762108   0   0
30.7877   0.587084   4.34792   0.929122   0.705314   10.0585   -2.03523   0.772634   0   0
31.1047   0.317   3.80192   0.793274   0.717736   11.4002   -2.19729   0.777346   0   0
31.2303   0.125662   3.60932   0.739423   0.723136   11.9605   -2.26153   0.779059   0   0
31.7303   0.5   3.60911   -0.738974   0.745959   11.9604   2.26177   0.785508   0   0
31.7411   0.010712   3.62499   -0.743563   0.74643   11.912   2.25629   0.785651   0   0
31.8452   0.104098   3.78444   -0.788157   0.750904   11.4478   2.20307   0.78707   0   0
32.0336   0.188402   4.09662   -0.868865   0.758522   10.6358   2.10673   0.789787   0   0
32.0336   0   4.09662   -0.868865   0.758522   10.6358   2.10673   0.789787   0   0
32.0336   0   4.09662   -0.868865   0.758522   10.6358   2.10673   0.789787   0   0
32.3261   0.2925   4.64156   -0.994168   0.769206   9.44711   1.95717   0.794432   0   0
32.7601   0.434034   5.58527   -1.1801   0.78279   7.84448   1.73524   0.80246   0   0
34.2008   1.4407   9.87477   -1.79727   0.813862   3.90587   0.998578   0.844367   0   0
34.7108   0.509972   11.8193   -2.01574   0.821378   3.02036   0.737818   0.868085   0   0
35.0408   0.33   13.1963   -2.1571   0.825584   2.58908   0.569082   0.88691   0   0
35.21   0.169274   13.9389   -2.22962   0.82757   2.41107   0.482529   0.897702   0   0
35.751   0.541   13.7303   2.59075   0.833603   2.46048   -0.579477   0.934492   0   0
35.7573   0.006224   13.6981   2.58725   0.833675   2.46771   -0.582856   0.934894   0   0
35.8424   0.0851335   13.2617   2.53944   0.834681   2.57089   -0.629075   0.940274   0   0
36.0663   0.223866   12.1528   2.4137   0.837487   2.87975   -0.750612   0.953384   0   0
36.0663   0   12.1528   2.4137   0.837487   2.87975   -0.750612   0.953384   0   0
36.3753   0.309   10.7148   2.24014   0.841798   3.39547   -0.918368   0.969137   0   0
36.7603   0.385022   9.07305   2.02388   0.848014   4.18313   -1.1274   0.985424   0   0
38.201   1.4407   4.40726   1.21468   0.884596   8.55846   -1.90955   0.0241263   0   0
38.7881   0.587084   3.17461   0.884928   0.909679   10.9877   -2.22828   0.0337676   0   0
39.1051   0.317   2.67001   0.706878   0.927043   12.455   -2.40038   0.0380808   0   0
39.2307   0.125662   2.50122   0.636296   0.934785   13.0668   -2.4686   0.0396486   0   0
39.7307   0.5   2.43151   -0.488255   0.96832   13.0612   2.47922   0.0455524   0   0
39.7414   0.010712   2.44203   -0.493711   0.96902   13.0081   2.47336   0.0456832   0   0
39.8455   0.104098   2.55034   -0.546729   0.975661   12.4991   2.4164   0.0469825   0   0
40.0339   0.188402   2.77443   -0.642684   0.986943   11.608   2.31332   0.049472   0   0
40.0339   0   2.77443   -0.642684   0.986943   11.608   2.31332   0.049472   0   0
40.0339   0   2.77443   -0.642684   0.986943   11.608   2.31332   0.049472   0   0
40.3264   0.2925   3.19397   -0.791657   0.00260649   10.3015   2.15327   0.0537296   0   0
40.7605   0.434034   3.97713   -1.01271   0.0220365   8.53544   1.91579   0.061099   0   0
42.2012   1.4407   7.9523   -1.74648   0.0632682   4.15098   1.1275   0.100007   0   0
42.7627   0.561534   10.0743   -2.03247   0.0732596   3.05726   0.820247   0.125199   0   0
43.0927   0.33   11.4712   -2.20054   0.078146   2.57548   0.639685   0.14396   0   0
43.2309   0.138212   12.0892   -2.27094   0.080014   2.40911   0.564061   0.152796   0   0
43.7309   0.5   12.2632   1.94318   0.0863653   2.36212   -0.464749   0.187392   0   0
43.7416   0.010712   12.2216   1.93901   0.0865046   2.37213   -0.470264   0.188112   0   0
43.8422   0.100578   11.8355   1.89984   0.0878356   2.47194   -0.52204   0.194725   0   0
44.0341   0.191922   11.1206   1.8251   0.0904982   2.69128   -0.620839   0.206578   0   0
44.0341   0   11.1206   1.8251   0.0904982   2.69128   -0.620839   0.206578   0   0
44.0341   0   11.1206   1.8251   0.0904982   2.69128   -0.620839   0.206578   0   0
44.0341   0   11.1206   1.8251   0.0904982   2.69128   -0.620839   0.206578   0   0
44.3266   0.2925   10.0862   1.71118   0.0948943   3.09852   -0.771415   0.222727   0   0
44.7607   0.434034   8.67419   1.54214   0.102282   3.86513   -0.994851   0.242741   0   0
46.2014   1.4407   5.03902   0.981056   0.137245   7.8002   -1.73651   0.284995   0   0
46.7629   0.561534   4.06003   0.762364   0.157055   9.91274   -2.02558   0.295166   0   0
47.0929   0.33   3.59928   0.633844   0.170811   11.3057   -2.19546   0.300128   0   0
47.2311   0.138212   3.43151   0.580016   0.177072   11.9224   -2.26661   0.302022   0   0
47.7311   0.5   3.3801   -0.472655   0.201053   12.59   0.991552   0.308375   0   0
47.7418   0.010712   3.39027   -0.476532   0.201557   12.5687   0.989864   0.308511   0   0
47.8392   0.0974206   3.48655   -0.511793   0.206067   12.3774   0.974519   0.309754   0   0
48.0343   0.195079   3.70001   -0.5824   0.214716   12.0031   0.94379   0.312301   0   0
48.0343   0   3.70001   -0.5824   0.214716   12.0031   0.94379   0.312301   0   0
48.0343   0   3.70001   -0.5824   0.214716   12.0031   0.94379   0.312301   0   0
48.0343   0   3.70001   -0.5824   0.214716   12.0031   0.94379   0.312301   0   0
48.3268   0.2925   4.07168   -0.688268   0.226721   11.4645   0.897715   0.31627   0   0
48.7045   0.377696   4.64322   -0.824972   0.240563   10.8088   0.83822   0.321671   0   0
49.0822   0.377696   5.31803   -0.961676   0.252672   10.1981   0.778726   0.327398   0   0
49.4599   0.377696   6.0961   -1.09838   0.263237   9.63236   0.719231   0.333465   0   0
49.8376   0.377696   6.97744   -1.23508   0.272459   9.11153   0.659736   0.339883   0   0
50.2153   0.377696   7.96205   -1.37179   0.280528   8.63564   0.600241   0.346662   0   0
50.8153   0.6   9.73849   -1.58895   0.291381   7.97206   0.505729   0.358181   0   0
51.0303   0.215   10.4385   -1.66677   0.294775   7.76188   0.471862   0.362531   0   0
51.0348   0.0045   10.4535   -1.6684   0.294843   7.75763   0.471154   0.362623   0   0
51.0494   0.01455   10.5021   -1.67367   0.295064   7.74396   0.468862   0.362922   0   0
51.0748   0.0254   10.5874   -1.68286   0.295448   7.72024   0.464861   0.363445   0   0
51.0793   0.0045   10.6025   -1.68449   0.295515   7.71606   0.464152   0.363538   0   0
51.0938   0.01455   10.6516   -1.68976   0.295733   7.70259   0.46186   0.363838   0   0
51.2284   0.13462   11.1131   -1.73848   0.297703   7.58109   0.440655   0.366642   0   0
51.2329   0.0045   11.1288   -1.74011   0.297767   7.57713   0.439946   0.366737   0   0
51.2475   0.01455   11.1795   -1.74537   0.297975   7.56436   0.437654   0.367043   0   0
51.2729   0.0254   11.2684   -1.75457   0.298335   7.54223   0.433653   0.367578   0   0
51.2774   0.0045   11.2842   -1.7562   0.298398   7.53833   0.432944   0.367673   0   0
51.2919   0.01455   11.3354   -1.76146   0.298603   7.52576   0.430652   0.36798   0   0
51.461   0.16909   11.9414   -1.82266   0.300916   7.38463   0.404017   0.37159   0   0
51.781   0.32   13.145   -1.93849   0.304982   7.14219   0.35361   0.378605   0   0
53.581   1.8   21.2962   -2.58998   0.322137   6.37955   0.0700739   0.421566   0   0
53.901   0.32   22.9909   -2.7058   0.324439   6.35084   0.0196674   0.429571   0   0
53.9608   0.059804   23.3158   -2.72745   0.32485   6.34905   0.0102471   0.431069   0   0
54.2773   0.3165   25.0785   -2.842   0.326933   6.35834   -0.0396081   0.439001   0   0
54.2773   0   25.0785   -2.842   0.326933   6.35834   -0.0396081   0.439001   0   0
54.4137   0.136424   25.8607   -2.89138   0.327786   6.37208   -0.0610976   0.442412   0   0
54.5938   0.180077   26.9138   -2.95656   0.328872   6.39919   -0.0894633   0.446901   0   0
54.5946   0.000796   26.9185   -2.95685   0.328877   6.39933   -0.0895887   0.446921   0   0
55.2676   0.673   22.9506   8.24703   0.332973   8.75916   -3.76283   0.461981   0   0
55.6896   0.422   16.5256   6.97806   0.336422   12.2432   -4.49316   0.468468   0   0
56.2226   0.533   12.5993   0.890405   0.342508   14.4893   0.574312   0.474621   0   0
57.0461   0.8235   11.2293   0.773225   0.353535   13.6057   0.498731   0.483961   0   0
58.0561   1.01   9.81253   0.629507   0.368872   12.6918   0.406033   0.496206   0   0
59.2461   1.19   8.51581   0.460175   0.38965   11.8555   0.296814   0.51167   0   0
60.2561   1.01   7.73141   0.316457   0.409512   11.3495   0.204116   0.525545   0   0
60.7011   0.445   7.47795   0.253136   0.418832   11.186   0.163274   0.531833   0   0
61.1461   0.445   7.28083   0.189814   0.428436   11.0589   0.122432   0.538202   0   0
61.5911   0.445   7.14008   0.126493   0.438265   10.9681   0.0815894   0.544635   0   0
62.0361   0.445   7.05568   0.0631713   0.44825   10.9137   0.0407471   0.55111   0   0
62.4811   0.445   7.02763   -0.000150106   0.458315   10.8956   -9.50933e-05   0.557606   0   0
62.9261   0.445   7.05594   -0.0634715   0.468379   10.9138   -0.0409373   0.564103   0   0
63.3711   0.445   7.14061   -0.126793   0.478364   10.9684   -0.0817796   0.570578   0   0
63.8161   0.445   7.28163   -0.190114   0.488192   11.0594   -0.122622   0.57701   0   0
64.2611   0.445   7.47901   -0.253436   0.497795   11.1867   -0.163464   0.583379   0   0
64.7061   0.445   7.73275   -0.316757   0.507113   11.3504   -0.204306   0.589666   0   0
65.7161   1.01   8.51775   -0.460476   0.526971   11.8567   -0.297004   0.60354   0   0
66.9061   1.19   9.81519   -0.629807   0.547744   12.6935   -0.406223   0.619003   0   0
67.9161   1.01   11.2326   -0.773525   0.563077   13.6077   -0.498921   0.631246   0   0
68.7396   0.8235   12.6031   -0.890706   0.574101   14.4917   -0.574502   0.640584   0   0
69.2726   0.533   16.5305   -6.98016   0.580185   12.2453   4.49384   0.646736   0   0
69.6946   0.422   22.9575   -8.24951   0.583633   8.76071   3.76343   0.653222   0   0
70.3676   0.673   26.9266   2.95775   0.587728   6.40053   0.0895714   0.668279   0   0
70.3684   0.000796   26.9218   2.95746   0.587733   6.40039   0.089446   0.668299   0   0
70.5485   0.180077   25.8684   2.89227   0.588819   6.37328   0.0610857   0.672787   0   0
70.6849   0.136424   25.086   2.84288   0.589671   6.35955   0.0396003   0.676198   0   0
70.6849   0   25.086   2.84288   0.589671   6.35955   0.0396003   0.676198   0   0
71.0014   0.3165   23.3228   2.7283   0.591753   6.35026   -0.0102454   0.684128   0   0
73.1899   2.18853   13.1149   1.93598   0.611722   7.14943   -0.354918   0.736777   0   0
73.6899   0.499999   11.2694   1.75496   0.618269   7.54372   -0.433663   0.747621   0   0
74.3149   0.624992   9.21714   1.52869   0.628035   8.14731   -0.532093   0.760323   0   0
75.4399   1.12499   6.2358   1.12141   0.65174   9.54383   -0.709268   0.780683   0   0
76.6354   1.19548   4.07196   0.688608   0.689862   11.4647   -0.897545   0.798912   0   0
76.9279   0.2925   3.70009   0.582713   0.701867   12.0033   -0.943611   0.802881   0   0
76.9279   0   3.70009   0.582713   0.701867   12.0033   -0.943611   0.802881   0   0
76.9279   0   3.70009   0.582713   0.701867   12.0033   -0.943611   0.802881   0   0
76.9279   0   3.70009   0.582713   0.701867   12.0033   -0.943611   0.802881   0   0
77.123   0.195079   3.48652   0.512088   0.710515   12.3774   -0.974334   0.805428   0   0
77.2204   0.0974206   3.39018   0.476819   0.715026   12.5688   -0.989677   0.806672   0   0
77.2311   0.010712   3.38001   0.472941   0.715529   12.59   -0.991364   0.806807   0   0
77.7311   0.5   3.43111   -0.579672   0.739512   11.9222   2.26677   0.81316   0   0
77.8573   0.126212   3.58364   -0.628817   0.745242   11.3582   2.20179   0.814886   0   0
78.2113   0.354   4.07764   -0.766659   0.760001   9.8639   2.01953   0.82021   0   0
78.7609   0.549534   5.03784   -0.980638   0.779346   7.79979   1.7366   0.830188   0   0
80.2016   1.4407   8.67166   -1.54162   0.814318   3.8646   0.994843   0.872447   0   0
80.6356   0.434034   10.0832   -1.71063   0.821708   3.098   0.771379   0.892463   0   0
80.9281   0.2925   11.1173   -1.82452   0.826106   2.69079   0.620783   0.908615   0   0
80.9281   0   11.1173   -1.82452   0.826106   2.69079   0.620783   0.908615   0   0
80.9281   0   11.1173   -1.82452   0.826106   2.69079   0.620783   0.908615   0   0
80.9281   0   11.1173   -1.82452   0.826106   2.69079   0.620783   0.908615   0   0
81.12   0.191922   11.832   -1.89925   0.828769   2.47147   0.521971   0.920471   0   0
81.2206   0.100578   12.2179   -1.93842   0.8301   2.37168   0.470188   0.927084   0   0
81.2313   0.010712   12.2595   -1.94259   0.83024   2.36167   0.464673   0.927805   0   0
81.7313   0.5   12.0856   2.27024   0.836593   2.40868   -0.564031   0.962408   0   0
81.8575   0.126212   11.5206   2.20597   0.838295   2.55977   -0.633099   0.970501   0   0
82.2115   0.354   10.0226   2.02572   0.843539   3.07658   -0.826823   0.990631   0   0
82.7611   0.549534   7.94998   1.74589   0.853344   4.15058   -1.12755   0.0152035   0   0
84.2018   1.4407   3.97627   1.01229   0.894586   8.53537   -1.91596   0.0541136   0   0
84.6358   0.434034   3.19346   0.791276   0.91402   10.3016   -2.15348   0.0614831   0   0
84.9283   0.2925   2.77413   0.642335   0.929686   11.6082   -2.31355   0.0657406   0   0
84.9283   0   2.77413   0.642335   0.929686   11.6082   -2.31355   0.0657406   0   0
84.9283   0   2.77413   0.642335   0.929686   11.6082   -2.31355   0.0657406   0   0
85.1167   0.188402   2.55017   0.5464   0.940968   12.4994   -2.41665   0.06823   0   0
85.2208   0.104098   2.44193   0.493393   0.947609   13.0085   -2.47362   0.0695293   0   0
85.2315   0.010712   2.43142   0.487939   0.948309   13.0616   -2.47948   0.0696601   0   0
85.7315   0.5   2.50144   -0.636639   0.981844   13.0674   2.46852   0.0755637   0   0
85.8572   0.125662   2.67031   -0.707236   0.989585   12.4556   2.40031   0.0771314   0   0
86.1742   0.317   3.17516   -0.885327   0.00694612   10.9883   2.22822   0.0814445   0   0
86.7612   0.587084   4.40831   -1.21515   0.0320245   8.55913   1.90953   0.0910851   0   0
88.2019   1.4407   9.07573   -2.02453   0.0685962   4.18376   1.12745   0.129783   0   0
88.587   0.385022   10.718   -2.24084   0.0748109   3.39605   0.918441   0.146068   0   0
88.896   0.309   12.1565   -2.41444   0.0791198   2.88028   0.750701   0.161818   0   0
88.896   0   12.1565   -2.41444   0.0791198   2.88028   0.750701   0.161818   0   0
89.1198   0.223866   13.2656   -2.5402   0.0819257   2.57137   0.629176   0.174925   0   0
89.205   0.0851335   13.7022   -2.58803   0.0829306   2.46818   0.582962   0.180304   0   0
89.2112   0.006224   13.7345   -2.59153   0.0830029   2.46095   0.579583   0.180706   0   0
89.7522   0.541   13.9431   2.23031   0.0890341   2.41149   -0.482531   0.21749   0   0
89.9215   0.169274   13.2003   2.15778   0.09102   2.5895   -0.56907   0.228279   0   0
90.2515   0.33   11.8228   2.01638   0.0952247   3.02075   -0.737777   0.247102   0   0
90.7614   0.509972   9.87764   1.79787   0.102738   3.9062   -0.998492   0.270818   0   0
92.2021   1.4407   5.58662   1.18056   0.133802   7.84438   -1.73503   0.312723   0   0
92.7892   0.587084   4.34812   0.929013   0.152805   10.0578   -2.03516   0.32325   0   0
93.1062   0.317   3.80218   0.793186   0.165226   11.3995   -2.19723   0.327962   0   0
93.2319   0.125662   3.6096   0.739343   0.170626   11.9598   -2.26147   0.329675   0   0
93.7319   0.5   3.60952   -0.739169   0.193447   11.9597   2.26156   0.336124   0   0
93.7426   0.010712   3.6254   -0.743758   0.193918   11.9113   2.25608   0.336267   0   0
93.8467   0.104098   3.78489   -0.788355   0.198391   11.4472   2.20286   0.337686   0   0
94.0351   0.188402   4.09716   -0.869069   0.206008   10.6353   2.10654   0.340404   0   0
94.0351   0   4.09716   -0.869069   0.206008   10.6353   2.10654   0.340404   0   0
94.0351   0   4.09716   -0.869069   0.206008   10.6353   2.10654   0.340404   0   0
94.3276   0.2925   4.64222   -0.99438   0.216691   9.44667   1.95699   0.345049   0   0
94.7616   0.434034   5.58611   -1.18033   0.230272   7.84419   1.73508   0.353077   0   0
96.2023   1.4407   9.87633   -1.79754   0.26134   3.90593   0.998493   0.394984   0   0
96.7123   0.509972   11.8211   -2.01602   0.268854   3.02049   0.737759   0.418702   0   0
97.0423   0.33   13.1984   -2.1574   0.273059   2.58924   0.56904   0.437526   0   0
97.2116   0.169274   13.941   -2.22992   0.275046   2.41125   0.482495   0.448316   0   0
97.7526   0.541   13.7324   2.59119   0.281078   2.46071   -0.579562   0.485104   0   0
97.7588   0.006224   13.7002   2.58769   0.28115   2.46795   -0.582941   0.485506   0   0
97.8439   0.0851335   13.2636   2.53987   0.282155   2.57114   -0.629158   0.490885   0   0
98.0678   0.223866   12.1546   2.41411   0.284961   2.88004   -0.750693   0.503994   0   0
98.0678   0   12.1546   2.41411   0.284961   2.88004   -0.750693   0.503994   0   0
98.3768   0.309   10.7163   2.24053   0.289271   3.3958   -0.918445   0.519745   0   0
98.7618   0.385022   9.0743   2.02424   0.295487   4.18353   -1.12747   0.536031   0   0
100.203   1.4407   4.40765   1.21492   0.332064   8.55904   -1.90961   0.57473   0   0
100.79   0.587084   3.17475   0.88512   0.357146   10.9884   -2.22833   0.58437   0   0
101.107   0.317   2.67003   0.707043   0.374509   12.4557   -2.40042   0.588684   0   0
101.232   0.125662   2.50121   0.636451   0.382251   13.0675   -2.46864   0.590251   0   0
101.732   0.5   2.43134   -0.488078   0.415788   13.0618   2.47942   0.596155   0   0
101.743   0.010712   2.44186   -0.493534   0.416488   13.0087   2.47356   0.596285   0   0
101.847   0.104098   2.55013   -0.546548   0.423129   12.4997   2.4166   0.597585   0   0
102.035   0.188402   2.77415   -0.642497   0.434412   11.6085   2.3135   0.600074   0   0
102.035   0   2.77415   -0.642497   0.434412   11.6085   2.3135   0.600074   0   0
102.035   0   2.77415   -0.642497   0.434412   11.6085   2.3135   0.600074   0   0
102.328   0.2925   3.19358   -0.791459   0.450077   10.3019   2.15344   0.604332   0   0
102.762   0.434034   3.97656   -1.0125   0.46951   8.53567   1.91593   0.611701   0   0
104.203   1.4407   7.95104   -1.74621   0.510748   4.15089   1.12757   0.650609   0   0
104.764   0.561534   10.0727   -2.03219   0.520741   3.0571   0.820292   0.675802   0   0
105.094   0.33   11.4694   -2.20025   0.525628   2.5753   0.639712   0.694564   0   0
105.232   0.138212   12.0874   -2.27064   0.527496   2.40892   0.564081   0.7034   0   0
105.732   0.5   12.2614   1.94284   0.533849   2.36189   -0.464679   0.737999   0   0
105.743   0.010712   12.2198   1.93867   0.533988   2.3719   -0.470194   0.73872   0   0
105.844   0.100578   11.8338   1.8995   0.535319   2.47169   -0.521972   0.745333   0   0
106.036   0.191922   11.119   1.82477   0.537982   2.69101   -0.620776   0.757188   0   0
106.036   0   11.119   1.82477   0.537982   2.69101   -0.620776   0.757188   0   0
106.036   0   11.119   1.82477   0.537982   2.69101   -0.620776   0.757188   0   0
106.036   0   11.119   1.82477   0.537982   2.69101   -0.620776   0.757188   0   0
106.328   0.2925   10.0848   1.71087   0.542379   3.09821   -0.771358   0.773338   0   0
106.762   0.434034   8.67303   1.54185   0.549768   3.86478   -0.994803   0.793353   0   0
108.203   1.4407   5.03859   0.980839   0.584734   7.79976   -1.73649   0.835611   0   0
108.764   0.561534   4.05983   0.762175   0.604545   9.91228   -2.02557   0.845782   0   0
109.094   0.33   3.5992   0.633672   0.618302   11.3052   -2.19546   0.850744   0   0
109.233   0.138212   3.43147   0.579852   0.624563   11.9219   -2.26661   0.852639   0   0
109.733   0.5   3.38023   -0.472827   0.648544   12.5896   0.991426   0.858992   0   0
109.743   0.010712   3.3904   -0.476704   0.649048   12.5684   0.989739   0.859128   0   0
109.841   0.0974206   3.48671   -0.511968   0.653558   12.377   0.974395   0.860371   0   0
110.036   0.195079   3.70024   -0.582582   0.662206   12.0028   0.943669   0.862919   0   0
110.036   0   3.70024   -0.582582   0.662206   12.0028   0.943669   0.862919   0   0
110.036   0   3.70024   -0.582582   0.662206   12.0028   0.943669   0.862919   0   0
110.036   0   3.70024   -0.582582   0.662206   12.0028   0.943669   0.862919   0   0
110.328   0.2925   4.07202   -0.688461   0.67421   11.4643   0.897598   0.866888   0   0
111.932   1.6035   7.21063   -1.26889   0.722024   8.99064   0.645039   0.892131   0   0
112.13   0.197788   7.72674   -1.34049   0.726241   8.74164   0.613886   0.895682   0   0
112.53   0.4   8.85704   -1.48528   0.73394   8.27573   0.550884   0.903169   0   0
112.61   0.08   9.097   -1.51423   0.735358   8.1886   0.538283   0.904716   0   0
113.01   0.4   10.3663   -1.65902   0.741916   7.78317   0.475281   0.912694   0   0
113.09   0.08   10.6341   -1.68798   0.743129   7.70814   0.462681   0.914338   0   0
113.49   0.4   12.0424   -1.83277   0.748755   7.36319   0.399679   0.922792   0   0
113.57   0.0805   12.3398   -1.86191   0.749807   7.29987   0.387   0.924539   0   0
114.075   0.505   14.3126   -2.04471   0.755856   6.94916   0.307459   0.935834   0   0
114.155   0.08   14.6421   -2.07367   0.756735   6.90098   0.294859   0.937672   0   0
114.66   0.505   16.8288   -2.25647   0.761856   6.64334   0.215319   0.949554   0   0
114.74   0.08   17.1922   -2.28543   0.762605   6.60989   0.202718   0.951475   0   0
115.245   0.505   19.5928   -2.46822   0.766985   6.44532   0.123178   0.963801   0   0
115.325   0.08   19.99   -2.49718   0.767628   6.42662   0.110578   0.965779   0   0
115.83   0.505   22.6045   -2.67998   0.771409   6.3551   0.0310377   0.978369   0   0
115.962   0.132204   23.3194   -2.72784   0.772326   6.34965   0.0102149   0.981682   0   0
116.279   0.3165   25.0824   -2.8424   0.774409   6.35896   -0.0396355   0.989612   0   0
116.279   0   25.0824   -2.8424   0.774409   6.35896   -0.0396355   0.989612   0   0
116.415   0.136424   25.8647   -2.89178   0.775261   6.3727   -0.0611229   0.993023   0   0
116.595   0.180077   26.9179   -2.95697   0.776347   6.39983   -0.0894859   0.997512   0   0
116.596   0.000796   26.9226   -2.95726   0.776352   6.39997   -0.0896113   0.997531   0   0
117.269   0.673   22.954   8.24832   0.780448   8.76003   -3.7632   0.0125898   0   0
117.691   0.422   16.528   6.97914   0.783896   12.2444   -4.49359   0.0190766   0   0
118.224   0.533   12.6011   0.890601   0.789981   14.4907   0.574389   0.0252288   0   0
118.692   0.46775   11.7991   0.824039   0.796088   13.9735   0.53146   0.0304614   0   0
119.119   0.4275   11.1205   0.763205   0.802029   13.5358   0.492225   0.0354094   0   0
119.201   0.0815   10.9971   0.751607   0.803202   13.4562   0.484745   0.0363705   0   0
119.628   0.4275   10.3805   0.690773   0.809572   13.0585   0.44551   0.0415041   0   0
119.711   0.0825   10.2674   0.679033   0.810843   12.9856   0.437939   0.0425124   0   0
120.138   0.4275   9.71288   0.618198   0.817659   12.628   0.398704   0.0478266   0   0
120.217   0.0785   9.6167   0.607027   0.818951   12.566   0.391499   0.0488184   0   0
120.644   0.4275   9.12369   0.546193   0.826218   12.248   0.352265   0.0543039   0   0
120.725   0.08055   9.03663   0.534731   0.82763   12.1918   0.344872   0.055353   0   0
121.115   0.39   8.64118   0.479233   0.834656   11.9368   0.309079   0.0604991   0   0
121.194   0.0793   8.56607   0.467948   0.836123   11.8884   0.301801   0.0615586   0   0
121.584   0.39   8.22271   0.41245   0.843521   11.6669   0.266008   0.06683   0   0
121.665   0.0811   8.15675   0.400909   0.845098   11.6244   0.258564   0.0679383   0   0
122.055   0.39   7.86569   0.345411   0.85285   11.4366   0.222771   0.0733227   0   0
124.483   2.4273   7.02727   1.05471e-15   0.905782   10.8959   -1.72085e-15   0.108208   0   0
127.612   3.12925   8.42073   -0.445301   0.972458   11.7946   -0.287194   0.152719   0   0
130.741   3.12925   12.6011   -0.890601   0.0215826   14.4907   -0.574389   0.191188   0   0
131.274   0.533   16.528   -6.97914   0.0276673   12.2444   4.49359   0.19734   0   0
131.696   0.422   22.954   -8.24832   0.0311157   8.76003   3.7632   0.203827   0   0
132.369   0.673   26.9226   2.95725   0.0352113   6.39997   0.0896113   0.218885   0   0
132.37   0.000796   26.9179   2.95697   0.035216   6.39983   0.0894859   0.218905   0   0
132.55   0.180077   25.8647   2.89178   0.0363022   6.37271   0.0611229   0.223393   0   0
132.686   0.136424   25.0824   2.8424   0.0371547   6.35896   0.0396355   0.226804   0   0
132.686   0   25.0824   2.8424   0.0371547   6.35896   0.0396355   0.226804   0   0
133.003   0.3165   23.3194   2.72784   0.0392375   6.34965   -0.0102149   0.234735   0   0
135.942   2.93879   10.4125   1.66406   0.0694343   7.76998   -0.47309   0.303438   0   0
138.637   2.6952   4.07202   0.688461   0.137353   11.4643   -0.897598   0.349529   0   0
138.929   0.2925   3.70024   0.582582   0.149357   12.0028   -0.943669   0.353498   0   0
138.929   0   3.70024   0.582582   0.149357   12.0028   -0.943669   0.353498   0   0
138.929   0   3.70024   0.582582   0.149357   12.0028   -0.943669   0.353498   0   0
138.929   0   3.70024   0.582582   0.149357   12.0028   -0.943669   0.353498   0   0
139.125   0.195079   3.48671   0.511968   0.158006   12.377   -0.974395   0.356045   0   0
139.222   0.0974206   3.3904   0.476704   0.162516   12.5684   -0.989739   0.357289   0   0
139.233   0.010712   3.38023   0.472827   0.163019   12.5896   -0.991426   0.357424   0   0
139.733   0.5   3.43147   -0.579852   0.187   11.9219   2.26661   0.363777   0   0
139.859   0.126212   3.58404   -0.628999   0.192729   11.358   2.20164   0.365504   0   0
140.213   0.354   4.07817   -0.766848   0.207487   9.86374   2.0194   0.370828   0   0
140.762   0.549534   5.03859   -0.980838   0.226829   7.79976   1.73649   0.380805   0   0
142.203   1.4407   8.67303   -1.54185   0.261796   3.86478   0.994803   0.423063   0   0
142.637   0.434034   10.0848   -1.71087   0.269185   3.09821   0.771358   0.443079   0   0
142.93   0.2925   11.119   -1.82477   0.273581   2.69101   0.620776   0.459229   0   0
142.93   0   11.119   -1.82477   0.273581   2.69101   0.620776   0.459229   0   0
142.93   0   11.119   -1.82477   0.273581   2.69101   0.620776   0.459229   0   0
142.93   0   11.119   -1.82477   0.273581   2.69101   0.620776   0.459229   0   0
143.122   0.191922   11.8338   -1.8995   0.276244   2.47169   0.521972   0.471084   0   0
143.222   0.100578   12.2198   -1.93867   0.277575   2.3719   0.470194   0.477697   0   0
143.233   0.010712   12.2614   -1.94284   0.277715   2.36189   0.464679   0.478417   0   0
143.733   0.5   12.0874   2.27064   0.284067   2.40892   -0.564081   0.513017   0   0
143.859   0.126212   11.5223   2.20636   0.285769   2.56003   -0.633146   0.521109   0   0
144.213   0.354   10.024   2.02608   0.291013   3.07687   -0.826859   0.541237   0   0
144.763   0.549534   7.95103   1.74621   0.300816   4.15089   -1.12757   0.565808   0   0
146.203   1.4407   3.97656   1.0125   0.342054   8.53567   -1.91594   0.604716   0   0
146.637   0.434034   3.19358   0.791459   0.361486   10.3019   -2.15344   0.612085   0   0
146.93   0.2925   2.77414   0.642496   0.377152   11.6085   -2.3135   0.616342   0   0
146.93   0   2.77414   0.642496   0.377152   11.6085   -2.3135   0.616342   0   0
146.93   0   2.77414   0.642496   0.377152   11.6085   -2.3135   0.616342   0   0
147.118   0.188402   2.55013   0.546548   0.388435   12.4997   -2.4166   0.618832   0   0
147.222   0.104098   2.44186   0.493534   0.395076   13.0087   -2.47356   0.620131   0   0
147.233   0.010712   2.43134   0.488078   0.395776   13.0618   -2.47942   0.620262   0   0
147.733   0.5   2.50121   -0.636451   0.429312   13.0675   2.46864   0.626165   0   0
147.859   0.125662   2.67003   -0.707043   0.437054   12.4557   2.40042   0.627733   0   0
148.176   0.317   3.17475   -0.885119   0.454417   10.9884   2.22833   0.632046   0   0
148.763   0.587084   4.40765   -1.21492   0.479499   8.55904   1.90961   0.641687   0   0
150.203   1.4407   9.0743   -2.02424   0.516077   4.18353   1.12747   0.680385   0   0
150.588   0.385022   10.7163   -2.24053   0.522292   3.3958   0.918445   0.696672   0   0
150.897   0.309   12.1546   -2.41411   0.526602   2.88004   0.750693   0.712423   0   0
150.897   0   12.1546   -2.41411   0.526602   2.88004   0.750693   0.712423   0   0
151.121   0.223866   13.2636   -2.53987   0.529408   2.57114   0.629158   0.725531   0   0
151.206   0.0851335   13.7002   -2.58769   0.530413   2.46795   0.582941   0.730911   0   0
151.213   0.006224   13.7324   -2.59119   0.530486   2.46071   0.579562   0.731313   0   0
151.754   0.541   13.941   2.22992   0.536518   2.41125   -0.482495   0.7681   0   0
151.923   0.169274   13.1984   2.1574   0.538504   2.58924   -0.56904   0.77889   0   0
152.253   0.33   11.8211   2.01602   0.542709   3.02049   -0.737759   0.797715   0   0
152.763   0.509972   9.87633   1.79754   0.550224   3.90593   -0.998493   0.821433   0   0
154.204   1.4407   5.58611   1.18033   0.581291   7.84419   -1.73508   0.86334   0   0
154.791   0.587084   4.34787   0.928811   0.600296   10.0577   -2.03524   0.873867   0   0
155.108   0.317   3.80205   0.793004   0.612717   11.3994   -2.19731   0.87858   0   0
155.233   0.125662   3.60952   0.739169   0.618117   11.9597   -2.26156   0.880292   0   0
155.733   0.5   3.6096   -0.739343   0.640938   11.9598   2.26147   0.886742   0   0
155.744   0.010712   3.62549   -0.743932   0.641409   11.9114   2.25599   0.886884   0   0
155.848   0.104098   3.78502   -0.788536   0.645882   11.4472   2.20277   0.888303   0   0
156.037   0.188402   4.09735   -0.869261   0.653499   10.6354   2.10646   0.891021   0   0
156.037   0   4.09735   -0.869261   0.653499   10.6354   2.10646   0.891021   0   0
156.037   0   4.09735   -0.869261   0.653499   10.6354   2.10646   0.891021   0   0
156.329   0.2925   4.64253   -0.994591   0.664181   9.44681   1.95692   0.895666   0   0
156.763   0.434034   5.58662   -1.18056   0.677761   7.84438   1.73503   0.903694   0   0
158.204   1.4407   9.87764   -1.79787   0.708825   3.9062   0.998492   0.945599   0   0
158.714   0.509972   11.8228   -2.01638   0.716339   3.02075   0.737777   0.969315   0   0
159.044   0.33   13.2003   -2.15778   0.720543   2.58949   0.56907   0.988138   0   0
159.213   0.169274   13.9431   -2.23031   0.722529   2.41149   0.482531   0.998927   0   0
159.754   0.541   13.7345   2.59153   0.728561   2.46094   -0.579583   0.0357104   0   0
159.76   0.006224   13.7022   2.58803   0.728633   2.46818   -0.582961   0.0361123   0   0
159.845   0.0851335   13.2656   2.5402   0.729638   2.57137   -0.629176   0.0414917   0   0
160.069   0.223866   12.1565   2.41444   0.732444   2.88028   -0.750701   0.0545986   0   0
160.069   0   12.1565   2.41444   0.732444   2.88028   -0.750701   0.0545986   0   0
160.378   0.309   10.718   2.24084   0.736753   3.39605   -0.91844   0.0703486   0   0
160.763   0.385022   9.07572   2.02453   0.742967   4.18376   -1.12745   0.0866338   0   0
162.204   1.4407   4.40831   1.21515   0.779539   8.55913   -1.90953   0.125331   0   0
162.791   0.587084   3.17516   0.885326   0.804617   10.9883   -2.22822   0.134972   0   0
163.108   0.317   2.67031   0.707236   0.821978   12.4556   -2.4003   0.139285   0   0
163.234   0.125662   2.50144   0.636639   0.82972   13.0674   -2.46852   0.140853   0   0
163.734   0.5   2.43142   -0.487939   0.863254   13.0615   2.47948   0.146756   0   0
163.745   0.010712   2.44193   -0.493393   0.863954   13.0085   2.47362   0.146887   0   0
163.849   0.104098   2.55017   -0.5464   0.870595   12.4994   2.41665   0.148186   0   0
164.037   0.188402   2.77413   -0.642335   0.881878   11.6082   2.31355   0.150676   0   0
164.037   0   2.77413   -0.642335   0.881878   11.6082   2.31355   0.150676   0   0
164.037   0   2.77413   -0.642335   0.881878   11.6082   2.31355   0.150676   0   0
164.33   0.2925   3.19346   -0.791276   0.897544   10.3016   2.15348   0.154933   0   0
164.764   0.434034   3.97627   -1.01229   0.916977   8.53536   1.91596   0.162303   0   0
166.204   1.4407   7.94998   -1.74589   0.95822   4.15058   1.12755   0.201213   0   0
166.766   0.561534   10.0713   -2.03183   0.968214   3.05682   0.820255   0.226408   0   0
167.096   0.33   11.4678   -2.19986   0.973102   2.57504   0.639666   0.245172   0   0
167.234   0.138212   12.0856   -2.27024   0.974971   2.40868   0.564031   0.254009   0   0
167.734   0.5   12.2595   1.94259   0.981324   2.36167   -0.464673   0.288612   0   0
167.745   0.010712   12.2179   1.93842   0.981463   2.37168   -0.470188   0.289332   0   0
167.845   0.100578   11.832   1.89925   0.982794   2.47147   -0.521971   0.295946   0   0
168.037   0.191922   11.1173   1.82452   0.985458   2.69079   -0.620783   0.307802   0   0
168.037   0   11.1173   1.82452   0.985458   2.69079   -0.620783   0.307802   0   0
168.037   0   11.1173   1.82452   0.985458   2.69079   -0.620783   0.307802   0   0
168.037   0   11.1173   1.82452   0.985458   2.69079   -0.620783   0.307802   0   0
168.33   0.2925   10.0832   1.71063   0.989855   3.098   -0.771378   0.323953   0   0
168.764   0.434034   8.67166   1.54162   0.997245   3.8646   -0.994843   0.34397   0   0
170.204   1.4407   5.03784   0.980638   0.0322174   7.79978   -1.7366   0.386229   0   0
170.766   0.561534   4.05929   0.761986   0.0520313   9.91244   -2.0257   0.396399   0   0
171.096   0.33   3.59879   0.63349   0.0657898   11.3055   -2.19561   0.401362   0   0
171.234   0.138212   3.43111   0.579672   0.0720514   11.9222   -2.26677   0.403256   0   0
171.734   0.5   3.38001   -0.472941   0.0960342   12.59   0.991363   0.409609   0   0
171.745   0.010712   3.39018   -0.476819   0.0965378   12.5688   0.989676   0.409745   0   0
171.842   0.0974206   3.48652   -0.512088   0.101048   12.3774   0.974333   0.410988   0   0
172.037   0.195079   3.70009   -0.582713   0.109697   12.0033   0.94361   0.413535   0   0
172.037   0   3.70009   -0.582713   0.109697   12.0033   0.94361   0.413535   0   0
172.037   0   3.70009   -0.582713   0.109697   12.0033   0.94361   0.413535   0   0
172.037   0   3.70009   -0.582713   0.109697   12.0033   0.94361   0.413535   0   0
172.33   0.2925   4.07196   -0.688608   0.121701   11.4647   0.897544   0.417504   0   0
173.547   1.21703   6.2843   -1.12921   0.160371   9.51332   0.705873   0.436093   0   0
174.672   1.12499   9.2832   -1.5365   0.183899   8.12444   0.528698   0.456515   0   0
175.778   1.10567   13.1235   -1.93679   0.199869   7.14784   0.354565   0.479689   0   0
176.764   0.986376   17.2966   -2.29389   0.210296   6.6016   0.199221   0.502622   0   0
177.964   1.19992   23.3228   -2.72829   0.21981   6.35025   0.0102454   0.532289   0   0
178.28   0.3165   25.086   -2.84288   0.221892   6.35954   -0.0396003   0.540218   0   0
178.28   0   25.086   -2.84288   0.221892   6.35954   -0.0396003   0.540218   0   0
178.417   0.136424   25.8684   -2.89227   0.222745   6.37328   -0.0610857   0.543629   0   0
178.597   0.180077   26.9218   -2.95746   0.223831   6.40039   -0.089446   0.548117   0   0
178.598   0.000796   26.9265   -2.95775   0.223836   6.40053   -0.0895713   0.548137   0   0
179.271   0.673   22.9574   8.2495   0.227931   8.76071   -3.76343   0.563194   0   0
179.693   0.422   16.5305   6.98016   0.231378   12.2453   -4.49384   0.56968   0   0
180.226   0.533   12.603   0.890705   0.237462   14.4917   0.574502   0.575832   0   0
181.965   1.7394   9.93498   0.643197   0.262303   12.7708   0.414859   0.596237   0   0
184.112   2.1466   7.82929   0.337746   0.301433   11.4126   0.217844   0.624688   0   0
184.262   0.1506   7.73079   0.316316   0.304514   11.3491   0.204022   0.626794   0   0
186.409   2.1466   7.02846   0.0108649   0.351543   10.8961   0.00700615   0.65771   0   0
186.559   0.1506   7.02841   -0.0105647   0.354954   10.8961   -0.00681596   0.65991   0   0
188.706   2.1466   7.72945   -0.316016   0.401987   11.3483   -0.203831   0.690828   0   0
188.857   0.1506   7.82786   -0.337446   0.405069   11.4117   -0.217654   0.692934   0   0
191.003   2.1466   9.93226   -0.642897   0.444208   12.7691   -0.414669   0.721387   0   0
192.743   1.7394   12.5993   -0.890405   0.469056   14.4893   -0.574312   0.741795   0   0
193.276   0.533   16.5256   -6.97805   0.475141   12.2432   4.49316   0.747948   0   0
193.698   0.422   22.9506   -8.24703   0.47859   8.75915   3.76283   0.754436   0   0
194.371   0.673   26.9185   2.95685   0.482687   6.39933   0.0895886   0.769496   0   0
194.371   0.000796   26.9138   2.95656   0.482691   6.39919   0.0894632   0.769516   0   0
194.552   0.180077   25.8607   2.89138   0.483778   6.37208   0.0610976   0.774004   0   0
194.688   0.136424   25.0785   2.842   0.48463   6.35834   0.0396081   0.777416   0   0
194.688   0   25.0785   2.842   0.48463   6.35834   0.0396081   0.777416   0   0
195.004   0.3165   23.3158   2.72745   0.486714   6.34905   -0.0102471   0.785347   0   0
196.453   1.44804   16.1758   2.20334   0.498592   6.70901   -0.238342   0.820955   0   0
196.631   0.178105   15.4025   2.13888   0.500387   6.79891   -0.266397   0.825152   0   0
197.009   0.378422   13.8355   2.00191   0.504514   7.02309   -0.326006   0.833873   0   0
199.313   2.30409   6.53182   1.16797   0.543476   9.36163   -0.688946   0.87973   0   0
199.692   0.378422   5.69969   1.031   0.553354   9.90561   -0.748555   0.885986   0   0
199.87   0.178104   5.34392   0.966536   0.558491   10.1772   -0.77661   0.888809   0   0
200.638   0.768818   4.07167   0.688268   0.584843   11.4645   -0.897715   0.900146   0   0
200.931   0.2925   3.7   0.5824   0.596848   12.0031   -0.94379   0.904115   0   0
200.931   0   3.7   0.5824   0.596848   12.0031   -0.94379   0.904115   0   0
200.931   0   3.7   0.5824   0.596848   12.0031   -0.94379   0.904115   0   0
200.931   0   3.7   0.5824   0.596848   12.0031   -0.94379   0.904115   0   0
201.126   0.195079   3.48655   0.511792   0.605496   12.3774   -0.974518   0.906663   0   0
201.223   0.0974206   3.39027   0.476532   0.610007   12.5687   -0.989864   0.907906   0   0
201.234   0.010712   3.3801   0.472655   0.61051   12.59   -0.991552   0.908041   0   0
201.734   0.5   3.43151   -0.580016   0.634492   11.9224   2.26661   0.914394   0   0
201.86   0.126212   3.58412   -0.62917   0.640221   11.3584   2.20163   0.91612   0   0
202.214   0.354   4.07838   -0.767037   0.654978   9.8642   2.0194   0.921444   0   0
202.764   0.549534   5.03901   -0.981055   0.674318   7.8002   1.73651   0.931421   0   0
204.205   1.4407   8.67419   -1.54214   0.709281   3.86513   0.99485   0.973676   0   0
204.639   0.434034   10.0862   -1.71118   0.716669   3.09852   0.771415   0.99369   0   0
204.931   0.2925   11.1206   -1.8251   0.721065   2.69128   0.620839   0.00983826   0   0
204.931   0   11.1206   -1.8251   0.721065   2.69128   0.620839   0.00983826   0   0
204.931   0   11.1206   -1.8251   0.721065   2.69128   0.620839   0.00983826   0   0
204.931   0   11.1206   -1.8251   0.721065   2.69128   0.620839   0.00983826   0   0
205.123   0.191922   11.8355   -1.89984   0.723728   2.47194   0.52204   0.0216918   0   0
205.224   0.100578   12.2216   -1.93901   0.725059   2.37213   0.470264   0.0283042   0   0
205.234   0.010712   12.2632   -1.94318   0.725198   2.36212   0.464749   0.0290244   0   0
205.734   0.5   12.0892   2.27094   0.731549   2.40911   -0.564061   0.0636209   0   0
205.861   0.126212   11.5241   2.20665   0.733251   2.5602   -0.633119   0.0717126   0   0
206.215   0.354   10.0256   2.02636   0.738494   3.07702   -0.826813   0.0918396   0   0
206.764   0.549534   7.95229   1.74648   0.748295   4.15098   -1.1275   0.116409   0   0
208.205   1.4407   3.97713   1.01271   0.789527   8.53543   -1.91579   0.155317   0   0
208.639   0.434034   3.19397   0.791657   0.808957   10.3015   -2.15327   0.162687   0   0
208.931   0.2925   2.77442   0.642684   0.824621   11.608   -2.31332   0.166944   0   0
208.931   0   2.77442   0.642684   0.824621   11.608   -2.31332   0.166944   0   0
208.931   0   2.77442   0.642684   0.824621   11.608   -2.31332   0.166944   0   0
209.12   0.188402   2.55034   0.546729   0.835903   12.4991   -2.4164   0.169434   0   0
209.224   0.104098   2.44203   0.493711   0.842543   13.0081   -2.47336   0.170733   0   0
209.235   0.010712   2.43151   0.488255   0.843243   13.0612   -2.47922   0.170864   0   0
209.735   0.5   2.50122   -0.636296   0.876778   13.0668   2.4686   0.176768   0   0
209.86   0.125662   2.67001   -0.706877   0.884521   12.455   2.40038   0.178336   0   0
210.177   0.317   3.17461   -0.884928   0.901884   10.9877   2.22828   0.182649   0   0
210.764   0.587084   4.40725   -1.21468   0.926968   8.55846   1.90955   0.19229   0   0
212.205   1.4407   9.07305   -2.02388   0.963549   4.18313   1.1274   0.230992   0   0
212.59   0.385022   10.7148   -2.24014   0.969766   3.39547   0.918368   0.24728   0   0
212.899   0.309   12.1528   -2.4137   0.974076   2.87975   0.750612   0.263033   0   0
212.899   0   12.1528   -2.4137   0.974076   2.87975   0.750612   0.263033   0   0
213.123   0.223866   13.2617   -2.53944   0.976883   2.57089   0.629075   0.276142   0   0
213.208   0.0851335   13.6981   -2.58725   0.977888   2.46771   0.582856   0.281523   0   0
213.214   0.006224   13.7303   -2.59075   0.97796   2.46048   0.579477   0.281925   0   0
213.755   0.541   13.9389   2.22962   0.983993   2.41107   -0.482529   0.318715   0   0
213.925   0.169274   13.1963   2.1571   0.98598   2.58908   -0.569082   0.329506   0   0
214.255   0.33   11.8193   2.01574   0.990186   3.02036   -0.737818   0.348332   0   0
214.764   0.509972   9.87476   1.79727   0.997701   3.90587   -0.998577   0.37205   0   0
216.205   1.4407   5.58526   1.1801   0.0287736   7.84448   -1.73524   0.413957   0   0
216.792   0.587084   4.34728   0.928603   0.0477809   10.0582   -2.03543   0.424483   0   0
217.109   0.317   3.80159   0.792806   0.060204   11.4   -2.19752   0.429196   0   0
217.235   0.125662   3.60911   0.738974   0.0656043   11.9604   -2.26177   0.430908   0   0
217.735   0.5   3.60932   -0.739422   0.0884275   11.9605   2.26153   0.437357   0   0
217.746   0.010712   3.62521   -0.744013   0.0888988   11.9121   2.25606   0.4375   0   0
217.85   0.104098   3.78475   -0.788623   0.0933722   11.448   2.20284   0.438919   0   0
218.038   0.188402   4.09712   -0.869362   0.10099   10.6361   2.10652   0.441636   0   0
218.038   0   4.09712   -0.869362   0.10099   10.6361   2.10652   0.441636   0   0
218.038   0   4.09712   -0.869362   0.10099   10.6361   2.10652   0.441636   0   0
218.331   0.2925   4.64236   -0.99471   0.111672   9.44748   1.95699   0.446281   0   0
218.765   0.434034   5.58657   -1.18071   0.125253   7.84499   1.7351   0.454308   0   0
220.205   1.4407   9.87816   -1.79811   0.156316   3.90659   0.998575   0.49621   0   0
220.715   0.509972   11.8236   -2.01666   0.163829   3.02105   0.737864   0.519923   0   0
221.045   0.33   13.2012   -2.15808   0.168033   2.58974   0.56916   0.538744   0   0
221.215   0.169274   13.9441   -2.23062   0.170019   2.4117   0.482622   0.549532   0   0
221.756   0.541   13.7357   2.59162   0.17605   2.46108   -0.579532   0.586313   0   0
221.762   0.006224   13.7034   2.58813   0.176122   2.46832   -0.58291   0.586715   0   0
221.847   0.0851335   13.2668   2.5403   0.177127   2.5715   -0.62912   0.592094   0   0
222.071   0.223866   12.1576   2.41453   0.179932   2.88038   -0.750633   0.605201   0   0
222.071   0   12.1576   2.41453   0.179932   2.88038   -0.750633   0.605201   0   0
222.38   0.309   10.7191   2.24094   0.184241   3.3961   -0.918356   0.62095   0   0
222.765   0.385022   9.07672   2.02464   0.190455   4.18374   -1.12734   0.637235   0   0
224.206   1.4407   4.40897   1.21528   0.227022   8.55869   -1.90934   0.675934   0   0
224.793   0.587084   3.17566   0.885462   0.252096   10.9877   -2.22801   0.685575   0   0
225.11   0.317   2.67073   0.707376   0.269455   12.4548   -2.40007   0.689888   0   0
225.235   0.125662   2.50182   0.636781   0.277195   13.0665   -2.46828   0.691456   0   0
225.735   0.5   2.43171   -0.487895   0.310725   13.0606   2.47937   0.69736   0   0
225.746   0.010712   2.44222   -0.493348   0.311424   13.0075   2.47351   0.697491   0   0
225.85   0.104098   2.55045   -0.546347   0.318065   12.4985   2.41654   0.69879   0   0
226.039   0.188402   2.77439   -0.642267   0.329347   11.6074   2.31344   0.70128   0   0
226.039   0   2.77439   -0.642267   0.329347   11.6074   2.31344   0.70128   0   0
226.039   0   2.77439   -0.642267   0.329347   11.6074   2.31344   0.70128   0   0
226.331   0.2925   3.19368   -0.791185   0.345011   10.3008   2.15337   0.705538   0   0
226.765   0.434034   3.97639   -1.01216   0.364444   8.53464   1.91585   0.712908   0   0
228.206   1.4407   7.94957   -1.74565   0.405687   4.15016   1.12745   0.751822   0   0
228.767   0.561534   10.0706   -2.03154   0.415682   3.05652   0.820152   0.77702   0   0
229.097   0.33   11.4669   -2.19955   0.42057   2.57481   0.639563   0.795785   0   0
229.236   0.138212   12.0846   -2.26992   0.422438   2.40848   0.563928   0.804623   0   0
229.736   0.5   12.2584   1.94254   0.428792   2.36154   -0.464733   0.839228   0   0
229.746   0.010712   12.2168   1.93837   0.428932   2.37156   -0.470249   0.839949   0   0
229.847   0.100578   11.8308   1.8992   0.430263   2.47136   -0.522037   0.846563   0   0
230.039   0.191922   11.1162   1.82447   0.432927   2.69071   -0.620859   0.858419   0   0
230.039   0   11.1162   1.82447   0.432927   2.69071   -0.620859   0.858419   0   0
230.039   0   11.1162   1.82447   0.432927   2.69071   -0.620859   0.858419   0   0
230.039   0   11.1162   1.82447   0.432927   2.69071   -0.620859   0.858419   0   0
230.331   0.2925   10.0822   1.71057   0.437325   3.09796   -0.771469   0.87457   0   0
230.765   0.434034   8.67065   1.54155   0.444716   3.86465   -0.994956   0.894587   0   0
232.206   1.4407   5.03708   0.980539   0.479692   7.80027   -1.73678   0.936844   0   0
232.767   0.561534   4.05865   0.761875   0.499509   9.91315   -2.02592   0.947014   0   0
233.097   0.33   3.59822   0.633372   0.51327   11.3063   -2.19584   0.951976   0   0
233.236   0.138212   3.43058   0.579552   0.519533   11.9231   -2.267   0.953871   0   0
233.736   0.5   3.37953   -0.472949   0.543519   12.591   0.991387   0.960223   0   0
233.746   0.010712   3.38971   -0.476828   0.544023   12.5698   0.9897   0.960359   0   0
233.844   0.0974206   3.48605   -0.512102   0.548534   12.3784   0.974359   0.961602   0   0
234.039   0.195079   3.69963   -0.582738   0.557183   12.0043   0.943637   0.964149   0   0
234.039   0   3.69963   -0.582738   0.557183   12.0043   0.943637   0.964149   0   0
234.039   0   3.69963   -0.582738   0.557183   12.0043   0.943637   0.964149   0   0
234.039   0   3.69963   -0.582738   0.557183   12.0043   0.943637   0.964149   0   0
234.331   0.2925   4.07151   -0.688648   0.569189   11.4657   0.897574   0.968118   0   0
234.716   0.384788   4.65509   -0.827974   0.583275   10.7983   0.836977   0.973622   0   0
235.555   0.839   6.29931   -1.13176   0.608033   9.50471   0.70485   0.986818   0   0
235.876   0.321   7.06321   -1.24799   0.615695   9.06842   0.654299   0.992322   0   0
236.715   0.839   9.41222   -1.55178   0.632101   8.08136   0.522172   0.00794529   0   0
237.612   0.8965   12.4856   -1.87639   0.645278   7.27167   0.38099   0.0266007   0   0
238.04   0.428   14.1581   -2.03136   0.650403   6.97439   0.313589   0.0361716   0   0
238.152   0.112   14.6177   -2.07192   0.651642   6.90613   0.295951   0.0387402   0   0
238.58   0.428   16.4576   -2.22689   0.656034   6.68164   0.228549   0.0487746   0   0
239.965   1.3857   23.3244   -2.72863   0.6673   6.35063   0.0103265   0.0828916   0   0
240.282   0.3165   25.0879   -2.84323   0.669382   6.35987   -0.0395163   0.090821   0   0
240.282   0   25.0879   -2.84323   0.669382   6.35987   -0.0395163   0.090821   0   0
240.418   0.136424   25.8704   -2.89263   0.670235   6.37358   -0.0610004   0.0942316   0   0
240.598   0.180077   26.924   -2.95783   0.67132   6.40066   -0.0893591   0.0987193   0   0
240.599   0.000796   26.9287   -2.95812   0.671325   6.4008   -0.0894844   0.0987391   0   0
241.272   0.673   22.9594   8.25008   0.67542   8.76092   -3.76342   0.113796   0   0
241.694   0.422   16.5321   6.98067   0.678867   12.2455   -4.49382   0.120282   0   0
242.227   0.533   12.6043   0.890674   0.684951   14.4918   0.574607   0.126434   0   0
244.759   2.532   9.00609   0.53043   0.723139   12.1705   0.3422   0.156964   0   0
245.622   0.863247   8.19633   0.40761   0.739157   11.6481   0.262965   0.168514   0   0
247.137   1.5148   7.2879   0.19209   0.770554   11.062   0.123924   0.189816   0   0
248.009   0.872201   7.06106   0.0679963   0.789953   10.9156   0.0438669   0.202462   0   0
