-2.44571  0.520844  6.75144  1.1405  0.742578  0.000368852
-3.63079  0.472789  6.63523  1.54262  2.85372  0.000171372
-1.84755  0.120683  3.87777  1.48576  1.24287  6.22424e-05
-3.68992  0.240979  7.96928  1.56239  2.1766  0.000205613
2.47599  -0.343825  6.35364  1.37748  -0.243473  0.000334375
0.00788728  0.102259  5.5567  1.78672  -1.19052  5.39371e-05
-2.65135  0.214315  4.90619  1.15538  2.91924  0.000468176
-0.57382  0.137264  8.28689  1.75186  -2.74245  -0.000122239
1.31505  -0.350429  8.1298  1.36139  0.944006  0.000357432
-2.89794  0.242394  2.82498  1.05091  -1.09264  0.000208973
-2.36771  0.58985  3.56753  1.25668  -1.39452  0.000482027
2.95086  -0.0613251  7.33327  1.61505  -0.952478  0.00020009
4.97293  -0.463511  7.79703  1.60824  1.5886  1.0028e-05
-1.94834  0.322187  7.16445  1.2547  -0.410647  -0.000136286
-1.576  0.0495819  5.63415  1.61017  1.89171  4.36902e-06
-4.11913  0.689728  6.72911  1.82189  2.79883  -0.000209805
-1.37197  0.0698284  3.58575  1.44756  -2.88261  -0.000373736
0.621828  -0.186295  7.659  1.63284  -1.33162  0.000222058
1.17449  -0.118086  7.94575  1.39597  -2.96299  -0.00033924
-0.719206  0.00294799  5.16362  1.57568  2.7991  0.000199318
-0.0369094  -0.297158  5.49938  1.70668  -0.219823  -5.17023e-05
-1.08346  0.174096  5.29331  1.52027  0.130576  0.000284678
2.82505  -0.173551  5.05369  1.37045  -0.565384  0.000450011
-0.990094  0.0631322  4.98989  1.3573  2.16759  -0.000461636
0.0982867  -0.205004  4.7229  1.44361  -2.80339  6.79209e-05
-0.762819  0.0763774  6.73026  1.63015  1.08455  1.41392e-05
-2.2763  0.247277  9.2471  1.62966  3.00429  -0.00035513
3.24433  -0.0710695  5.52203  1.56277  0.653577  0.000115206
-2.23144  0.142889  5.69146  1.3153  -1.41634  7.95859e-05
1.20714  -0.119481  7.21998  1.61625  0.127221  0.000330087
0.192901  -0.0263928  5.93093  1.68383  -0.68313  -0.000157137
-2.35248  0.161409  6.56598  1.38339  0.758001  0.000279073
-3.15708  0.534397  8.09801  1.40489  -0.38465  -0.000396456
-0.75125  0.0643605  6.33431  1.8089  0.846613  0.000408338
-0.251266  -0.0586795  7.51793  1.88181  0.708135  -1.83582e-05
-0.666644  0.291628  7.27143  1.42997  -0.899217  5.17304e-05
5.92348  -0.500207  5.82552  1.17505  2.95407  -0.000258311
0.348218  -0.275796  3.63788  1.46887  1.71861  1.92603e-05
-0.628714  0.0722782  6.498  1.79529  2.02297  0.000192332
-2.38447  0.472856  6.2821  1.6606  -0.672559  0.000411903
1.57443  -0.171853  4.58495  1.41237  -3.12874  -3.0362e-05
1.10984  -0.0840895  4.99489  1.69832  0.681024  0.000271939
-2.27031  0.140259  5.87626  1.43286  1.15083  0.000396928
1.54805  -0.0216207  6.4911  1.53856  0.552085  0.00040408
3.62809  -0.324917  8.22173  1.24814  1.24275  0.00046254
1.98209  -0.293268  6.04719  1.26021  -0.989919  0.000184718
0.581008  -0.221048  4.22011  1.42253  -2.96029  -0.000127647
-1.2455  0.206614  8.85565  1.45774  -2.93782  0.000172376
4.28751  -0.469785  7.4171  1.22989  -2.07427  0.000165097
-0.256712  0.0864892  6.15882  1.12303  0.582883  0.000124662
-1.20702  0.00162114  4.17408  1.64695  1.46478  0.00037295
4.70458  -0.625625  2.15086  1.56335  1.705  -0.000355708
3.55753  -0.49553  5.51352  2.28335  1.19901  0.000187343
-2.51969  0.147051  7.15831  1.71999  1.3762  -0.000205867
-1.0483  -0.0969005  6.17659  1.56178  -0.655772  0.00014446
2.25038  -0.226451  8.60445  1.90326  0.049865  6.10845e-05
0.978651  -0.162944  8.27658  1.85474  0.246496  -0.000166104
-0.10153  0.153047  4.92801  1.54865  -0.645803  -0.000250918
-0.491582  -0.0230978  7.6944  1.2259  -1.43135  0.000412912
1.05027  0.115793  4.21102  1.46518  -1.74317  -0.000325689
-2.57486  0.0219529  4.83877  1.59845  -2.46224  -0.000310847
-0.184863  0.0995662  4.41823  1.86821  0.905932  -0.000240755
-0.51298  0.076943  5.70982  1.4805  2.73043  0.000345407
-0.31026  -0.068231  10.6535  1.70161  2.72613  -0.000345778
0.679481  -0.0989088  2.07202  1.60391  2.2717  0.000214511
-0.843518  0.0683128  9.38743  1.65638  -1.92862  9.72555e-05
-1.54872  0.0465547  8.13108  1.75338  0.832028  -0.000201761
-0.50831  -0.00436208  3.81597  1.35709  -0.815194  -0.000445767
0.00150513  -0.00623614  7.88496  1.74226  1.23064  0.000344203
-1.10237  0.154726  7.28406  1.63537  -1.81019  -0.000219284
-1.98465  0.0511667  5.29071  1.49441  -1.4753  0.000167191
-1.43792  0.162537  3.96897  1.47423  -2.32897  -2.77789e-05
1.42532  -0.200317  6.34634  1.15724  1.94016  -0.000114466
-0.461006  -0.0285375  5.68089  1.32283  -0.594048  0.000231783
-1.54664  0.128418  7.87695  1.66189  2.99378  0.000420896
6.82707  -0.947913  6.24284  1.50792  0.551976  0.000238805
0.372538  -0.287172  4.83861  1.309  -0.211353  -0.000397952
1.16464  -0.131439  5.12363  1.47173  1.7614  0.000431071
-0.281958  -0.115976  10.2512  1.71295  -1.47666  0.00029383
-0.9449  0.340862  6.81647  1.27771  -1.24825  0.000115328
0.274716  0.255189  8.72251  1.68961  3.07601  0.000404382
-1.91676  0.0975913  5.61511  1.67146  0.842772  -0.0003962
1.88522  -0.269631  7.88107  1.58037  1.49525  -0.000365762
2.12218  -0.412918  3.06622  1.21619  2.15858  -0.000178474
3.81153  -0.327767  6.47007  1.19988  2.66366  -0.000411871
0.0439306  0.263758  4.09533  1.44493  0.0756043  7.81459e-05
2.68587  -0.44292  8.92324  1.36487  1.12039  0.000212698
-0.405178  0.058248  3.57399  2.0278  1.56284  0.000446673
-1.14956  0.0565575  6.3801  1.5343  1.85201  -0.00010138
2.52448  -0.413188  6.78615  1.50514  3.10529  -4.11909e-05
0.614771  -0.116565  4.50368  1.97081  -2.17323  0.000217888
-3.77748  0.307401  5.02469  1.46028  1.37976  0.000438381
0.26151  0.0814748  6.00696  1.27601  -0.753359  0.000116276
-1.04885  0.414612  5.53479  1.52131  -2.21544  -0.000209344
1.1109  -0.453869  3.94191  1.49646  2.05129  0.000474275
-2.88817  0.495267  7.46277  0.961043  -1.61604  -0.00036546
0.383734  -0.138744  3.5394  1.70973  -1.5413  -0.000131404
0.240374  -0.181335  6.83601  1.25258  1.72682  -0.000271586
-1.50562  0.162666  7.30273  1.62636  2.85038  0.000333673
-0.823474  -0.174692  3.79371  1.5195  2.94238  -2.8514e-05
-0.0127368  -0.184915  -9.61733  0.278324  -0.372994  -0.000352455
2.85119  -0.558674  -10.7374  0.501381  1.11721  -0.000498877
6.72569  -1.12807  -11.4959  0.122673  -1.93777  0.00012228
0.597682  -0.246027  -9.3823  0.555964  1.65389  0.000410707
1.85116  -0.43987  -11.656  0.276069  -0.319127  0.000255591
4.8043  -0.762556  -13.0022  0.331465  2.09131  0.000213112
2.98972  -0.598201  -9.18248  0.333239  -1.26199  0.000122883
3.78629  -0.523946  -13.77  0.580965  -1.96681  -1.88033e-05
6.3063  -0.815445  -11.1349  0.4105  -0.307959  0.000477683
-0.267832  -0.156024  -9.26498  0.351873  -1.32785  0.000348968
5.98236  -0.849087  -9.12572  0.446584  -1.60374  -0.000128787
5.71527  -1.02091  -9.05728  0.130196  -2.91847  -7.25494e-05
5.52625  -0.487723  -11.9754  -0.0442597  0.266458  0.000349827
5.93981  -0.738087  -9.77641  0.302684  -0.900285  0.000278064
4.45509  -0.686797  -12.5729  0.66334  -2.11695  0.000187056
5.98177  -0.943818  -11.1112  0.480011  2.76299  -0.000406584
0.845675  -0.299914  -12.5194  0.381925  0.581733  0.000312326
3.25937  -0.571499  -13.0729  0.258374  0.339112  0.000121164
2.9815  -0.269322  -10.1471  0.230516  0.30819  0.000216231
5.49466  -0.909054  -12.3153  -0.197908  1.62777  -0.000360717
2.49536  -0.663685  -12.0846  0.349188  -0.748233  0.000452719
4.34026  -0.462179  -7.818  0.398571  -0.763677  -0.000235664
0.590345  0.094121  -11.5894  0.365453  0.298473  0.000472229
8.96932  -0.800744  -9.81935  0.361541  1.93555  -0.00031935
4.21963  -0.37765  -9.92916  0.683267  1.42689  -7.45784e-05
-1.39877  0.345852  -7.79311  0.266647  -2.29655  0.000380415
2.79616  -0.406626  -11.5849  0.517046  -1.03465  0.000392554
5.69819  -0.579707  -12.175  0.188653  -2.53365  5.66252e-05
5.25641  -0.581645  -12.388  0.190118  0.672281  0.000192179
5.62935  -0.363677  -10.4324  0.00318766  0.198702  0.000183765
3.09284  -0.27754  -12.0356  0.271033  0.722305  0.000478619
5.83609  -0.796414  -12.4764  0.255894  -0.592641  -0.000190606
-0.94466  0.14025  -12.1711  0.0666633  0.241548  0.00037235
-1.72846  0.155008  -10.3627  -0.130095  1.03476  0.00025237
2.7046  -0.115188  -7.22704  0.365818  1.51992  -1.76366e-06
4.7679  -0.450833  -11.9949  0.494657  -1.57431  -0.000312583
6.08697  -0.653663  -8.1717  0.380349  3.03791  -0.000127072
3.66203  -0.467081  -9.6494  0.261178  0.160172  0.000212583
1.20868  -0.0744568  -11.3234  0.236166  2.23632  2.74853e-05
1.6822  -0.438452  -13.825  0.161274  1.68504  0.000170267
9.31815  -0.850772  -12.8623  0.111911  -1.31097  -0.000266057
1.76794  -0.346467  -13.5073  -0.104411  -3.056  0.000287301
4.41911  -0.622962  -11.1816  0.23311  2.39668  -0.000348038
4.68935  -0.656577  -9.56522  0.866883  -0.681578  7.47607e-05
6.24933  -0.643539  -9.96744  0.607593  1.58175  -0.000283521
7.64801  -1.28325  -8.86437  -0.130751  -0.776992  0.000283503
2.6648  -0.422619  -11.5071  0.299742  2.91559  -0.000416258
0.971966  -0.475273  -11.9819  0.583128  -2.03225  0.000269402
1.57431  -0.325148  -9.11899  0.55775  0.227192  0.000362071
2.1285  -0.229821  -10.4553  0.136494  1.83949  -0.000487573
0.628158  -0.148265  -11.8372  0.188611  -1.44115  -0.00014785
4.52602  -0.567074  -9.54283  0.276559  -0.817809  0.000475791
5.11008  -0.295058  -9.78372  0.460207  0.854462  -0.000112864
2.84843  -0.166204  -11.1995  0.769608  -1.71868  0.000424159
3.50001  -0.387984  -10.0316  0.0805114  1.82329  -0.000296595
3.92746  -0.530336  -11.8092  0.138791  2.78616  0.000270171
7.05595  -1.05427  -10.6076  0.325606  2.2488  0.000446921
3.89686  -0.320249  -13.5883  -0.127936  -1.5522  -0.000473541
4.79592  -0.782445  -11.7515  0.0191995  -1.84259  0.000130157
0.342407  -0.0363366  -9.07803  0.125095  -2.29672  0.000270026
2.99194  -0.528456  -10.3619  0.733879  -1.75614  0.000188232
-0.236234  0.0123242  -10.3753  0.254496  -3.11317  0.000361345
4.13012  -0.643635  -12.344  -0.0484271  -2.32352  -0.000478363
3.13875  -0.234298  -9.30015  0.223154  1.37778  -0.000164171
-1.47029  -0.0457268  -10.3762  0.424243  -1.43603  -0.00029165
1.5729  -0.224466  -9.28219  0.654915  0.487685  0.000139207
2.34913  -0.396671  -9.33273  0.463818  -1.29999  0.000440285
1.95415  -0.31641  -11.8251  0.0620141  -2.51877  -0.000281415
1.06017  -0.088721  -10.8504  0.257493  2.48949  0.00049958
7.0662  -0.910453  -10.4022  0.184936  1.25533  0.000466744
3.74394  -0.465519  -13.722  0.401968  -0.328116  -0.000251393
-2.63725  0.218045  -11.8747  -0.0474111  0.52979  -0.000202857
2.0003  -0.291717  -8.49509  0.139295  0.668536  0.00029308
3.03207  -0.400904  -10.9245  0.669443  -2.47464  0.000170199
2.33723  -0.383615  -12.6136  0.489153  1.9013  -0.000192544
7.63178  -1.16416  -9.54037  -0.0869265  -0.37471  -0.000319788
5.84585  -0.876778  -10.1271  0.239869  0.398801  1.63975e-05
2.07097  -0.346672  -6.84871  0.276597  -2.09107  0.000299474
2.96411  -0.333318  -9.00555  0.029248  -0.96414  0.000111298
7.00236  -0.582421  -10.1085  0.0254081  0.234321  3.44136e-05
2.90015  -0.303377  -12.1498  0.516843  -1.45779  -0.000493408
5.78639  -0.653114  -9.04904  -0.00888763  1.20496  0.000460817
1.02706  -0.0674349  -9.3508  0.0580307  -0.245583  -0.00010023
1.93383  -0.217679  -8.07667  0.45337  -0.0153574  -9.36964e-05
3.70332  -0.485349  -11.3063  0.208934  -2.57929  0.000498725
0.786588  -0.449257  -9.94589  0.0394572  1.03055  -0.0003326
-0.834926  0.00366548  -9.83139  0.47755  -1.18606  0.000238214
1.23705  -0.139073  -12.3198  0.355061  2.63002  0.00040133
0.497622  -0.0794442  -9.74038  0.285181  -2.25379  0.000218747
2.94599  -0.328223  -11.1317  0.327585  -2.95688  -0.000115599
1.73536  -0.152066  -9.21692  0.905163  -2.30639  0.000195462
1.79582  -0.231499  -9.73649  0.229234  -2.66246  -4.8542e-05
0.519662  -0.155676  -9.57427  0.199154  -1.05025  0.000405508
5.81479  -0.705664  -9.87269  0.641652  -1.10001  -0.000265726
1.4625  -0.125714  -12.1762  0.294422  -0.102152  -0.000232795
5.70321  -0.728899  -10.8882  0.340334  -0.198093  -9.58845e-05
6.23491  -0.652112  -13.1866  0.187125  -0.106634  -0.000148015
5.97813  -0.689619  -11.0627  0.282448  -2.328  0.000479782
-0.245821  -0.195772  -9.73224  0.165023  -1.97518  -0.000452273
5.78536  -0.671623  -10.1033  0.260645  2.80312  0.000380772
