 N           node   position  sizeX  sizeY  sizeZ  sizeZdeg  sizeXP  sizeYP sizedE  eKin Nparts  xMax yMax zMax
     1           MEBT:MEBT_Mag:QH01:1:drift  0.00975    0.790  0.615   1.317    8.740    9.319  7.804  0.01251    2.500000       2000      2.393550   1.807865    4.032619 
     2           MEBT:MEBT_Mag:QH01:2:drift  0.01950    0.875  0.555   1.325    8.797    9.319  7.804  0.01251    2.500000       2000      2.631881   1.623212    4.052665 
     3           MEBT:MEBT_Mag:QH01:3:drift  0.02925    0.961  0.500   1.334    8.857    9.319  7.804  0.01251    2.500000       2000      2.870213   1.453985    4.072712 
     4           MEBT:MEBT_Mag:QH01:4:drift  0.03900    1.054  0.458   1.350    8.961    10.027  7.322  0.01430    2.500000       2000      3.115290   1.306530    4.095757 
     5           MEBT:MEBT_Mag:QH01:5:drift  0.04875    1.149  0.425   1.366    9.069    10.027  7.322  0.01430    2.500000       2000      3.360368   1.159074    4.118802 
     6           MEBT:MEBT_Mag:QH01:6:drift  0.05850    1.244  0.402   1.383    9.178    10.027  7.322  0.01430    2.500000       2000      3.605445   1.127646    4.141847 
     7           MEBT:MEBT_Mag:QH01:7:drift  0.06825    1.345  0.397   1.405    9.327    10.619  7.194  0.01642    2.500000       2000      3.854730   1.141616    4.167577 
     8           MEBT:MEBT_Mag:QH01:8:drift  0.07800    1.446  0.404   1.428    9.478    10.619  7.194  0.01642    2.500000       2000      4.104015   1.218404    4.193308 
     9           MEBT:MEBT_Mag:QH01:9:drift  0.08775    1.548  0.423   1.451    9.632    10.619  7.194  0.01642    2.500000       2000      4.353300   1.295192    4.219039 
    10          MEBT:MEBT_Mag:QH01:10:drift  0.09750    1.653  0.457   1.478    9.811    10.973  7.340  0.01793    2.500000       2000      4.605506   1.424945    4.247920 
    11                        MEBT_Mag:QH01  0.15850    1.831  0.970   1.675    11.116    5.664  13.187  0.02047    2.500000       2000      4.816945   2.887391    4.449953 
    12           MEBT:MEBT_Mag:QH01:1:drift  0.16783    1.783  1.093   1.710    11.351    5.436  13.449  0.02166    2.500000       2000      4.639379   3.224996    4.486712 
    13           MEBT:MEBT_Mag:QH01:2:drift  0.17717    1.735  1.217   1.746    11.587    5.436  13.449  0.02166    2.500000       2000      4.474260   3.562601    4.523470 
    14           MEBT:MEBT_Mag:QH01:3:drift  0.18650    1.688  1.340   1.781    11.825    5.436  13.449  0.02166    2.500000       2000      4.336390   3.900207    4.560228 
    15           MEBT:MEBT_Mag:QH01:4:drift  0.19583    1.642  1.467   1.819    12.078    5.237  13.670  0.02269    2.500000       2000      4.201567   4.241682    4.600433 
    16           MEBT:MEBT_Mag:QH01:5:drift  0.20517    1.597  1.593   1.858    12.331    5.237  13.670  0.02269    2.500000       2000      4.066743   4.583158    4.644393 
    17           MEBT:MEBT_Mag:QH01:6:drift  0.21450    1.552  1.720   1.896    12.586    5.237  13.670  0.02269    2.500000       2000      3.931919   4.924634    4.695255 
    18           MEBT:MEBT_Mag:QH01:7:drift  0.22383    1.509  1.848   1.936    12.854    5.065  13.857  0.02359    2.500000       2000      3.801477   5.270697    4.748196 
    19           MEBT:MEBT_Mag:QH01:8:drift  0.23317    1.466  1.977   1.977    13.122    5.065  13.857  0.02359    2.500000       2000      3.671036   5.645384    4.801137 
    20           MEBT:MEBT_Mag:QH01:9:drift  0.24250    1.424  2.105   2.018    13.392    5.065  13.857  0.02359    2.500000       2000      3.540594   6.020071    4.854079 
    21                        MEBT_Mag:QV02  0.30350    1.592  2.280   2.301    15.272    10.400  8.548  0.02542    2.500000       2000      3.755416   6.531391    5.351595 
    22           MEBT:MEBT_Mag:QV02:1:drift  0.31283    1.688  2.201   2.346    15.571    10.400  8.548  0.02542    2.500000       2000      3.951782   6.304206    5.453396 
    23           MEBT:MEBT_Mag:QV02:2:drift  0.32217    1.784  2.124   2.392    15.878    10.536  8.424  0.02605    2.500000       2000      4.175308   6.078409    5.557952 
    24           MEBT:MEBT_Mag:QV02:3:drift  0.33150    1.881  2.046   2.438    16.186    10.536  8.424  0.02605    2.500000       2000      4.419197   5.852611    5.662508 
    25           MEBT:MEBT_Mag:QV02:4:drift  0.34083    1.978  1.969   2.485    16.494    10.536  8.424  0.02605    2.500000       2000      4.663086   5.626814    5.767064 
    26           MEBT:MEBT_Mag:QV02:5:drift  0.35017    2.077  1.892   2.533    16.810    10.662  8.305  0.02663    2.500000       2000      4.909916   5.403038    5.874174 
    27           MEBT:MEBT_Mag:QV02:6:drift  0.35950    2.175  1.816   2.580    17.127    10.662  8.305  0.02663    2.500000       2000      5.156747   5.179262    5.981285 
    28           MEBT:MEBT_Mag:QV02:7:drift  0.36883    2.274  1.740   2.628    17.444    10.662  8.305  0.02663    2.500000       2000      5.403577   4.955486    6.088396 
    29           MEBT:MEBT_Mag:QV02:8:drift  0.37817    2.373  1.665   2.677    17.768    10.756  8.211  0.02708    2.500000       2000      5.652318   4.733794    6.197554 
    30           MEBT:MEBT_Mag:QV02:9:drift  0.38750    2.473  1.591   2.725    18.091    10.756  8.211  0.02708    2.500000       2000      5.901058   4.512102    6.312414 
    31                        MEBT_Mag:QH03  0.44850    2.536  1.460   3.054    20.274    8.779  4.097  0.02841    2.500000       2000      6.112999   4.052640    7.086185 
    32           MEBT:MEBT_Mag:QH03:1:drift  0.45750    2.458  1.492   3.104    20.604    8.779  4.097  0.02841    2.500000       2000      5.932728   4.124588    7.202596 
    33           MEBT:MEBT_Mag:QH03:2:drift  0.46650    2.380  1.525   3.154    20.935    8.779  4.097  0.02841    2.500000       2000      5.752457   4.196536    7.319006 
    34           MEBT:MEBT_Mag:QH03:3:drift  0.47550    2.303  1.558   3.205    21.272    8.680  4.191  0.02887    2.500000       2000      5.573719   4.269956    7.437234 
    35           MEBT:MEBT_Mag:QH03:4:drift  0.48450    2.226  1.592   3.255    21.609    8.680  4.191  0.02887    2.500000       2000      5.394981   4.343376    7.555461 
    36           MEBT:MEBT_Mag:QH03:5:drift  0.49350    2.149  1.626   3.306    21.946    8.680  4.191  0.02887    2.500000       2000      5.216243   4.416796    7.673689 
    37           MEBT:MEBT_Mag:QH03:6:drift  0.50250    2.073  1.661   3.358    22.288    8.579  4.287  0.02931    2.500000       2000      5.039106   4.492666    7.793474 
    38           MEBT:MEBT_Mag:QH03:7:drift  0.51150    1.998  1.696   3.409    22.631    8.579  4.287  0.02931    2.500000       2000      4.861968   4.568536    7.913260 
    39           MEBT:MEBT_Mag:QH03:8:drift  0.52050    1.922  1.731   3.461    22.974    8.579  4.287  0.02931    2.500000       2000      4.684830   4.644406    8.033045 
    40                  MEBT_RF:Bnch01:Rg01  0.53550    1.809  1.802   3.505    23.264    6.991  5.733  0.00539    2.500000       2000      4.422593   4.806256    8.141297 
    41     MEBT:MEBT_RF:Bnch01:Rg01:1:drift  0.54450    1.749  1.852   3.505    23.265    6.991  5.733  0.00539    2.500000       2000      4.290181   4.922393    8.150119 
    42     MEBT:MEBT_RF:Bnch01:Rg01:2:drift  0.55350    1.689  1.902   3.506    23.271    6.890  5.834  0.00542    2.500000       2000      4.172938   5.040729    8.160456 
    43     MEBT:MEBT_RF:Bnch01:Rg01:3:drift  0.56250    1.630  1.953   3.507    23.277    6.890  5.834  0.00542    2.500000       2000      4.055695   5.172674    8.170792 
    44     MEBT:MEBT_RF:Bnch01:Rg01:4:drift  0.57150    1.571  2.003   3.508    23.283    6.890  5.834  0.00542    2.500000       2000      3.938452   5.306027    8.181129 
    45     MEBT:MEBT_RF:Bnch01:Rg01:5:drift  0.58050    1.513  2.055   3.509    23.295    6.788  5.935  0.00549    2.500000       2000      3.822817   5.441238    8.192847 
    46     MEBT:MEBT_RF:Bnch01:Rg01:6:drift  0.58950    1.455  2.107   3.511    23.307    6.788  5.935  0.00549    2.500000       2000      3.707183   5.576448    8.204564 
    47     MEBT:MEBT_RF:Bnch01:Rg01:7:drift  0.59850    1.398  2.159   3.513    23.319    6.788  5.935  0.00549    2.500000       2000      3.591549   5.711659    8.216282 
    48     MEBT:MEBT_RF:Bnch01:Rg01:8:drift  0.60750    1.342  2.211   3.516    23.336    6.704  6.018  0.00558    2.500000       2000      3.477303   5.847920    8.229138 
    49                        MEBT_Mag:QV04  0.66850    1.144  2.278   3.539    23.493    2.962  3.996  0.00586    2.500000       2000      3.150735   5.990757    8.399176 
    50           MEBT:MEBT_Mag:QV04:1:drift  0.67837    1.141  2.242   3.545    23.530    2.945  3.887  0.00610    2.500000       2000      3.170472   5.893965    8.429819 
    51           MEBT:MEBT_Mag:QV04:2:drift  0.68824    1.140  2.206   3.550    23.567    2.945  3.887  0.00610    2.500000       2000      3.190209   5.800307    8.460462 
    52           MEBT:MEBT_Mag:QV04:3:drift  0.69811    1.139  2.170   3.556    23.605    2.945  3.887  0.00610    2.500000       2000      3.209947   5.706649    8.491105 
    53           MEBT:MEBT_Mag:QV04:4:drift  0.70798    1.140  2.135   3.563    23.650    2.943  3.774  0.00637    2.500000       2000      3.233850   5.614709    8.522944 
    54           MEBT:MEBT_Mag:QV04:5:drift  0.71785    1.141  2.101   3.570    23.695    2.943  3.774  0.00637    2.500000       2000      3.257753   5.522769    8.554783 
    55           MEBT:MEBT_Mag:QV04:6:drift  0.72773    1.144  2.067   3.576    23.740    2.943  3.774  0.00637    2.500000       2000      3.281656   5.430828    8.586622 
    56           MEBT:MEBT_Mag:QV04:7:drift  0.73760    1.149  2.034   3.584    23.792    2.954  3.659  0.00669    2.500000       2000      3.307703   5.340667    8.619753 
    57           MEBT:MEBT_Mag:QV04:8:drift  0.74747    1.154  2.001   3.592    23.845    2.954  3.659  0.00669    2.500000       2000      3.333750   5.250505    8.652883 
    58           MEBT:MEBT_Mag:QV04:9:drift  0.75734    1.160  1.968   3.600    23.897    2.954  3.659  0.00669    2.500000       2000      3.359798   5.160344    8.686014 
    59          MEBT:MEBT_Mag:QV04:10:drift  0.76721    1.168  1.937   3.609    23.957    2.982  3.541  0.00704    2.500000       2000      3.390442   5.072635    8.720182 
    60          MEBT:MEBT_Mag:QV04:11:drift  0.77708    1.177  1.905   3.618    24.018    2.982  3.541  0.00704    2.500000       2000      3.421087   4.984927    8.754350 
    61          MEBT:MEBT_Mag:QV04:12:drift  0.78695    1.186  1.874   3.627    24.078    2.982  3.541  0.00704    2.500000       2000      3.451732   4.897218    8.788517 
    62          MEBT:MEBT_Mag:QV04:13:drift  0.79682    1.197  1.845   3.638    24.146    3.027  3.424  0.00742    2.500000       2000      3.487012   4.811452    8.823970 
    63          MEBT:MEBT_Mag:QV04:14:drift  0.80669    1.209  1.815   3.648    24.214    3.027  3.424  0.00742    2.500000       2000      3.522293   4.725686    8.859423 
    64          MEBT:MEBT_Mag:QV04:15:drift  0.81656    1.222  1.786   3.658    24.282    3.027  3.424  0.00742    2.500000       2000      3.557574   4.639919    8.894876 
    65          MEBT:MEBT_Mag:QV04:16:drift  0.82644    1.237  1.758   3.669    24.358    3.086  3.307  0.00782    2.500000       2000      3.597004   4.556160    8.931562 
    66          MEBT:MEBT_Mag:QV04:17:drift  0.83631    1.252  1.730   3.681    24.433    3.086  3.307  0.00782    2.500000       2000      3.636433   4.472401    8.968249 
    67          MEBT:MEBT_Mag:QV04:18:drift  0.84618    1.268  1.703   3.692    24.509    3.086  3.307  0.00782    2.500000       2000      3.675863   4.388642    9.004935 
    68          MEBT:MEBT_Mag:QV04:19:drift  0.85605    1.285  1.677   3.705    24.593    3.160  3.193  0.00825    2.500000       2000      3.719396   4.308067    9.042536 
    69          MEBT:MEBT_Mag:QV04:20:drift  0.86592    1.303  1.651   3.717    24.676    3.160  3.193  0.00825    2.500000       2000      3.766592   4.227492    9.091056 
    70          MEBT:MEBT_Mag:QV04:21:drift  0.87579    1.322  1.626   3.730    24.760    3.160  3.193  0.00825    2.500000       2000      3.830298   4.146917    9.140166 
    71          MEBT:MEBT_Mag:QV04:22:drift  0.88566    1.343  1.602   3.744    24.851    3.242  3.082  0.00869    2.500000       2000      3.897608   4.068522    9.190975 
    72          MEBT:MEBT_Mag:QV04:23:drift  0.89553    1.364  1.578   3.758    24.942    3.242  3.082  0.00869    2.500000       2000      4.018361   3.990128    9.241784 
    73          MEBT:MEBT_Mag:QV04:24:drift  0.90540    1.385  1.555   3.771    25.033    3.242  3.082  0.00869    2.500000       2000      4.163451   3.931302    9.292593 
    74          MEBT:MEBT_Mag:QV04:25:drift  0.91527    1.408  1.533   3.786    25.132    3.334  2.976  0.00913    2.500000       2000      4.311199   3.905453    9.344907 
    75          MEBT:MEBT_Mag:QV04:26:drift  0.92515    1.431  1.511   3.801    25.231    3.334  2.976  0.00913    2.500000       2000      4.458948   3.879603    9.397220 
    76          MEBT:MEBT_Mag:QV04:27:drift  0.93502    1.455  1.490   3.816    25.330    3.334  2.976  0.00913    2.500000       2000      4.606696   3.853754    9.449533 
    77          MEBT:MEBT_Mag:QV04:28:drift  0.94489    1.481  1.470   3.832    25.436    3.432  2.878  0.00958    2.500000       2000      4.755576   3.829971    9.503491 
    78          MEBT:MEBT_Mag:QV04:29:drift  0.95476    1.507  1.451   3.848    25.542    3.432  2.878  0.00958    2.500000       2000      4.904456   3.806189    9.557450 
    79          MEBT:MEBT_Mag:QV04:30:drift  0.96463    1.533  1.432   3.864    25.648    3.432  2.878  0.00958    2.500000       2000      5.053336   3.782406    9.611408 
    80          MEBT:MEBT_Mag:QV04:31:drift  0.97450    1.561  1.414   3.881    25.762    3.535  2.788  0.01004    2.500000       2000      5.204265   3.762395    9.666757 
    81          MEBT:MEBT_Mag:QV04:32:drift  0.98437    1.589  1.397   3.898    25.875    3.535  2.788  0.01004    2.500000       2000      5.355193   3.742383    9.722106 
    82          MEBT:MEBT_Mag:QV04:33:drift  0.99424    1.617  1.380   3.915    25.989    3.535  2.788  0.01004    2.500000       2000      5.506122   3.722372    9.777455 
    83          MEBT:MEBT_Mag:QV04:34:drift  1.00411    1.647  1.365   3.933    26.110    3.640  2.708  0.01049    2.500000       2000      5.658718   3.704317    9.834336 
    84          MEBT:MEBT_Mag:QV04:35:drift  1.01398    1.677  1.350   3.952    26.231    3.640  2.708  0.01049    2.500000       2000      5.811313   3.686262    9.891216 
    85          MEBT:MEBT_Mag:QV04:36:drift  1.02385    1.708  1.336   3.970    26.351    3.640  2.708  0.01049    2.500000       2000      5.963909   3.668206    9.948096 
    86          MEBT:MEBT_Mag:QV04:37:drift  1.03373    1.739  1.323   3.989    26.479    3.745  2.639  0.01093    2.500000       2000      6.117988   3.651992   10.006439 
    87          MEBT:MEBT_Mag:QV04:38:drift  1.04360    1.771  1.311   4.008    26.607    3.745  2.639  0.01093    2.500000       2000      6.272066   3.635778   10.064781 
    88          MEBT:MEBT_Mag:QV04:39:drift  1.05347    1.803  1.299   4.028    26.735    3.745  2.639  0.01093    2.500000       2000      6.426144   3.619564   10.123123 
    89          MEBT:MEBT_Mag:QV04:40:drift  1.06334    1.837  1.289   4.048    26.869    3.850  2.581  0.01137    2.500000       2000      6.581515   3.606803   10.182633 
    90          MEBT:MEBT_Mag:QV04:41:drift  1.07321    1.871  1.279   4.068    27.003    3.850  2.581  0.01137    2.500000       2000      6.736885   3.594042   10.242143 
    91          MEBT:MEBT_Mag:QV04:42:drift  1.08308    1.905  1.269   4.088    27.138    3.850  2.581  0.01137    2.500000       2000      6.892255   3.581282   10.301652 
    92          MEBT:MEBT_Mag:QV04:43:drift  1.09295    1.940  1.261   4.110    27.279    3.953  2.537  0.01179    2.500000       2000      7.048782   3.570399   10.362452 
    93          MEBT:MEBT_Mag:QV04:44:drift  1.10282    1.975  1.254   4.131    27.420    3.953  2.537  0.01179    2.500000       2000      7.205309   3.566579   10.423252 
    94          MEBT:MEBT_Mag:QV04:45:drift  1.11269    2.011  1.247   4.152    27.561    3.953  2.537  0.01179    2.500000       2000      7.361836   3.563323   10.484052 
    95          MEBT:MEBT_Mag:QV04:46:drift  1.12256    2.047  1.242   4.174    27.708    4.054  2.506  0.01221    2.500000       2000      7.519475   3.562170   10.546043 
    96          MEBT:MEBT_Mag:QV04:47:drift  1.13244    2.084  1.237   4.196    27.855    4.054  2.506  0.01221    2.500000       2000      7.677114   3.561018   10.608035 
    97          MEBT:MEBT_Mag:QV04:48:drift  1.14231    2.121  1.233   4.219    28.003    4.054  2.506  0.01221    2.500000       2000      7.834753   3.559866   10.670026 
    98          MEBT:MEBT_Mag:QV04:49:drift  1.15218    2.159  1.230   4.242    28.156    4.151  2.488  0.01261    2.500000       2000      7.993217   3.562652   10.732869 
    99          MEBT:MEBT_Mag:QV04:50:drift  1.16205    2.197  1.228   4.265    28.309    4.151  2.488  0.01261    2.500000       2000      8.151680   3.565439   10.795713 
   100          MEBT:MEBT_Mag:QV04:51:drift  1.17192    2.235  1.226   4.288    28.462    4.151  2.488  0.01261    2.500000       2000      8.310144   3.568225   10.858556 
   101          MEBT:MEBT_Mag:QV04:52:drift  1.18179    2.275  1.226   4.312    28.621    4.245  2.481  0.01299    2.500000       2000      8.469293   3.572868   10.922422 
   102          MEBT:MEBT_Mag:QV04:53:drift  1.19166    2.314  1.226   4.336    28.780    4.245  2.481  0.01299    2.500000       2000      8.628442   3.577510   10.986289 
   103          MEBT:MEBT_Mag:QV04:54:drift  1.20153    2.354  1.227   4.360    28.939    4.245  2.481  0.01299    2.500000       2000      8.787590   3.582152   11.050155 
   104          MEBT:MEBT_Mag:QV04:55:drift  1.21140    2.394  1.229   4.384    29.104    4.335  2.486  0.01336    2.500000       2000      8.947489   3.588592   11.114986 
   105          MEBT:MEBT_Mag:QV04:56:drift  1.22127    2.435  1.232   4.409    29.268    4.335  2.486  0.01336    2.500000       2000      9.107388   3.595032   11.179818 
   106          MEBT:MEBT_Mag:QV04:57:drift  1.23115    2.476  1.235   4.434    29.433    4.335  2.486  0.01336    2.500000       2000      9.267287   3.601472   11.244650 
   107          MEBT:MEBT_Mag:QV04:58:drift  1.24102    2.517  1.240   4.460    29.602    4.421  2.500  0.01372    2.500000       2000      9.427782   3.609681   11.310391 
   108          MEBT:MEBT_Mag:QV04:59:drift  1.25089    2.559  1.245   4.485    29.772    4.421  2.500  0.01372    2.500000       2000      9.588277   3.617891   11.376133 
   109          MEBT:MEBT_Mag:QV04:60:drift  1.26076    2.601  1.251   4.511    29.942    4.421  2.500  0.01372    2.500000       2000      9.748772   3.626100   11.441874 
   110          MEBT:MEBT_Mag:QV04:61:drift  1.27063    2.643  1.257   4.537    30.116    4.496  2.520  0.01403    2.500000       2000      9.909775   3.637810   11.508238 
   111          MEBT:MEBT_Mag:QV04:62:drift  1.28050    2.686  1.265   4.563    30.291    4.496  2.520  0.01403    2.500000       2000     10.070778   3.649520   11.574602 
   112                  MEBT_RF:Bnch02:Rg01  1.29550    2.761  1.282   4.571    30.341    5.839  2.805  0.00958    2.500000       2000     10.356169   3.683071   11.609686 
   113     MEBT:MEBT_RF:Bnch02:Rg01:1:drift  1.30543    2.818  1.297   4.555    30.233    5.839  2.805  0.00958    2.500000       2000     10.572029   3.715708   11.589379 
   114     MEBT:MEBT_RF:Bnch02:Rg01:2:drift  1.31536    2.875  1.313   4.538    30.125    5.839  2.805  0.00958    2.500000       2000     10.787889   3.748346   11.569073 
   115     MEBT:MEBT_RF:Bnch02:Rg01:3:drift  1.32529    2.932  1.330   4.523    30.021    5.914  2.853  0.00930    2.500000       2000     11.004157   3.782587   11.549547 
   116     MEBT:MEBT_RF:Bnch02:Rg01:4:drift  1.33521    2.990  1.347   4.507    29.918    5.914  2.853  0.00930    2.500000       2000     11.220426   3.816829   11.530020 
   117     MEBT:MEBT_RF:Bnch02:Rg01:5:drift  1.34514    3.048  1.365   4.492    29.814    5.914  2.853  0.00930    2.500000       2000     11.436694   3.851071   11.510494 
   118     MEBT:MEBT_RF:Bnch02:Rg01:6:drift  1.35507    3.106  1.383   4.476    29.714    5.973  2.894  0.00907    2.500000       2000     11.653325   3.900657   11.491586 
   119     MEBT:MEBT_RF:Bnch02:Rg01:7:drift  1.36500    3.164  1.402   4.461    29.615    5.973  2.894  0.00907    2.500000       2000     11.869955   3.961727   11.472679 
   120                        MEBT_Mag:QH05  1.43100    3.040  1.783   4.368    28.995    9.621  10.033  0.00840    2.500000       2000     11.381771   5.072282   11.354695 
   121           MEBT:MEBT_Mag:QH05:1:drift  1.43950    2.959  1.867   4.357    28.919    9.621  10.033  0.00840    2.500000       2000     11.073898   5.312988   11.340517 
   122           MEBT:MEBT_Mag:QH05:2:drift  1.44800    2.878  1.951   4.345    28.844    9.621  10.033  0.00840    2.500000       2000     10.766026   5.553695   11.326339 
   123           MEBT:MEBT_Mag:QH05:3:drift  1.45650    2.797  2.036   4.334    28.772    9.573  10.084  0.00822    2.500000       2000     10.458473   5.795493   11.312575 
   124           MEBT:MEBT_Mag:QH05:4:drift  1.46500    2.716  2.121   4.324    28.699    9.573  10.084  0.00822    2.500000       2000     10.150921   6.037290   11.298811 
   125                        MEBT_Mag:QV06  1.53100    2.751  2.227   4.245    28.178    10.636  7.059  0.00761    2.500000       2000     10.184866   6.332849   11.195095 
   126           MEBT:MEBT_Mag:QV06:1:drift  1.53950    2.840  2.168   4.236    28.115    10.636  7.059  0.00761    2.500000       2000     10.501539   6.163295   11.182524 
   127           MEBT:MEBT_Mag:QV06:2:drift  1.54800    2.930  2.109   4.226    28.053    10.636  7.059  0.00761    2.500000       2000     10.818212   5.993741   11.169952 
   128           MEBT:MEBT_Mag:QV06:3:drift  1.55650    3.021  2.051   4.217    27.993    10.683  7.011  0.00745    2.500000       2000     11.135248   5.825164   11.157818 
   129           MEBT:MEBT_Mag:QV06:4:drift  1.56500    3.111  1.993   4.208    27.934    10.683  7.011  0.00745    2.500000       2000     11.452285   5.656586   11.145684 
   130                        MEBT_Mag:QH07  1.63100    3.453  1.760   4.145    27.511    1.093  1.756  0.00689    2.500000       2000     12.585111   4.950416   11.056354 
   131           MEBT:MEBT_Mag:QH07:1:drift  1.64079    3.448  1.756   4.136    27.454    1.093  1.756  0.00689    2.500000       2000     12.549749   4.931074   11.043850 
   132           MEBT:MEBT_Mag:QH07:2:drift  1.65057    3.444  1.753   4.127    27.397    1.093  1.756  0.00689    2.500000       2000     12.514387   4.911733   11.031347 
   133           MEBT:MEBT_Mag:QH07:3:drift  1.66036    3.440  1.751   4.119    27.344    1.070  1.745  0.00671    2.500000       2000     12.479360   4.893053   11.019487 
   134           MEBT:MEBT_Mag:QH07:4:drift  1.67014    3.436  1.749   4.111    27.291    1.070  1.745  0.00671    2.500000       2000     12.444333   4.874373   11.007627 
   135           MEBT:MEBT_Mag:QH07:5:drift  1.67993    3.432  1.747   4.103    27.238    1.070  1.745  0.00671    2.500000       2000     12.409306   4.879728   10.995767 
   136           MEBT:MEBT_Mag:QH07:6:drift  1.68971    3.429  1.745   4.096    27.190    1.051  1.739  0.00653    2.500000       2000     12.374686   4.886598   10.984555 
   137           MEBT:MEBT_Mag:QH07:7:drift  1.69950    3.426  1.744   4.089    27.142    1.051  1.739  0.00653    2.500000       2000     12.340067   4.893469   10.973342 
   138           MEBT:MEBT_Mag:QH07:8:drift  1.70929    3.422  1.743   4.082    27.093    1.051  1.739  0.00653    2.500000       2000     12.305447   4.900340   10.962129 
   139           MEBT:MEBT_Mag:QH07:9:drift  1.71907    3.420  1.743   4.075    27.049    1.036  1.737  0.00636    2.500000       2000     12.271246   4.907841   10.951572 
   140          MEBT:MEBT_Mag:QH07:10:drift  1.72886    3.417  1.744   4.068    27.005    1.036  1.737  0.00636    2.500000       2000     12.237044   4.915343   10.941014 
   141          MEBT:MEBT_Mag:QH07:11:drift  1.73864    3.415  1.744   4.062    26.961    1.036  1.737  0.00636    2.500000       2000     12.202843   4.922844   10.930457 
   142          MEBT:MEBT_Mag:QH07:12:drift  1.74843    3.413  1.745   4.056    26.922    1.024  1.739  0.00620    2.500000       2000     12.169022   4.930969   10.920576 
   143          MEBT:MEBT_Mag:QH07:13:drift  1.75821    3.411  1.746   4.050    26.882    1.024  1.739  0.00620    2.500000       2000     12.135201   4.939093   10.910696 
   144          MEBT:MEBT_Mag:QH07:14:drift  1.76800    3.410  1.748   4.044    26.843    1.024  1.739  0.00620    2.500000       2000     12.101381   4.947218   10.900815 
   145          MEBT:MEBT_Mag:QH07:15:drift  1.77779    3.409  1.750   4.039    26.807    1.017  1.747  0.00605    2.500000       2000     12.067930   4.955927   10.891594 
   146          MEBT:MEBT_Mag:QH07:16:drift  1.78757    3.407  1.753   4.033    26.772    1.017  1.747  0.00605    2.500000       2000     12.034480   4.994191   10.882373 
   147          MEBT:MEBT_Mag:QH07:17:drift  1.79736    3.406  1.755   4.028    26.737    1.017  1.747  0.00605    2.500000       2000     12.001029   5.036095   10.873152 
   148          MEBT:MEBT_Mag:QH07:18:drift  1.80714    3.406  1.759   4.023    26.707    1.015  1.758  0.00592    2.500000       2000     11.967995   5.079154   10.864574 
   149          MEBT:MEBT_Mag:QH07:19:drift  1.81693    3.406  1.762   4.019    26.676    1.015  1.758  0.00592    2.500000       2000     11.934961   5.122212   10.855996 
   150          MEBT:MEBT_Mag:QH07:20:drift  1.82671    3.405  1.766   4.014    26.646    1.015  1.758  0.00592    2.500000       2000     11.901927   5.165270   10.847418 
   151          MEBT:MEBT_Mag:QH07:21:drift  1.83650    3.406  1.771   4.010    26.619    1.016  1.775  0.00580    2.500000       2000     11.869343   5.210394   10.839500 
   152          MEBT:MEBT_Mag:QH07:22:drift  1.84629    3.406  1.776   4.006    26.593    1.016  1.775  0.00580    2.500000       2000     11.836759   5.255518   10.831581 
   153          MEBT:MEBT_Mag:QH07:23:drift  1.85607    3.406  1.781   4.002    26.567    1.016  1.775  0.00580    2.500000       2000     11.804175   5.300641   10.823663 
   154          MEBT:MEBT_Mag:QH07:24:drift  1.86586    3.407  1.786   3.999    26.545    1.023  1.795  0.00570    2.500000       2000     11.772051   5.347851   10.816406 
   155          MEBT:MEBT_Mag:QH07:25:drift  1.87564    3.408  1.792   3.996    26.524    1.023  1.795  0.00570    2.500000       2000     11.739927   5.395061   10.809150 
   156          MEBT:MEBT_Mag:QH07:26:drift  1.88543    3.409  1.798   3.993    26.502    1.023  1.795  0.00570    2.500000       2000     11.707803   5.442271   10.801894 
   157          MEBT:MEBT_Mag:QH07:27:drift  1.89521    3.411  1.805   3.990    26.484    1.031  1.815  0.00563    2.500000       2000     11.676064   5.491205   10.795186 
   158          MEBT:MEBT_Mag:QH07:28:drift  1.90500    3.413  1.812   3.987    26.466    1.031  1.815  0.00563    2.500000       2000     11.644326   5.540139   10.788478 
   159                        MEBT_Mag:QH08  1.97100    3.057  2.077   3.975    26.388    10.822  7.571  0.00549    2.500000       2000     10.178822   6.529838   10.750183 
   160           MEBT:MEBT_Mag:QH08:1:drift  1.97950    2.965  2.140   3.975    26.383    10.822  7.571  0.00549    2.500000       2000      9.835889   6.746363   10.746131 
   161           MEBT:MEBT_Mag:QH08:2:drift  1.98800    2.874  2.203   3.974    26.378    10.822  7.571  0.00549    2.500000       2000      9.492956   6.962888   10.742080 
   162           MEBT:MEBT_Mag:QH08:3:drift  1.99650    2.783  2.267   3.973    26.375    10.773  7.621  0.00547    2.500000       2000      9.150398   7.180354   10.742354 
   163           MEBT:MEBT_Mag:QH08:4:drift  2.00500    2.692  2.331   3.973    26.373    10.773  7.621  0.00547    2.500000       2000      8.807841   7.397820   10.746450 
   164                        MEBT_Mag:QV09  2.07100    2.634  2.236   3.977    26.400    8.968  10.354  0.00552    2.500000       2000      8.201625   7.190632   10.786107 
   165           MEBT:MEBT_Mag:QV09:1:drift  2.07950    2.710  2.149   3.978    26.408    8.968  10.354  0.00552    2.500000       2000      8.381563   6.921884   10.791921 
   166           MEBT:MEBT_Mag:QV09:2:drift  2.08800    2.785  2.062   3.980    26.417    8.968  10.354  0.00552    2.500000       2000      8.561501   6.653135   10.797736 
   167           MEBT:MEBT_Mag:QV09:3:drift  2.09650    2.861  1.975   3.981    26.429    9.020  10.301  0.00556    2.500000       2000      8.772845   6.384985   10.804052 
   168           MEBT:MEBT_Mag:QV09:4:drift  2.10500    2.937  1.889   3.983    26.440    9.020  10.301  0.00556    2.500000       2000      8.988921   6.116835   10.810368 
   169                        MEBT_Mag:QH10  2.17100    3.041  1.506   4.004    26.576    6.008  2.634  0.00581    2.500000       2000      9.169114   4.952225   10.868026 
   170           MEBT:MEBT_Mag:QH10:1:drift  2.18093    2.982  1.489   4.008    26.603    6.008  2.634  0.00581    2.500000       2000      8.969372   4.905113   10.877841 
   171           MEBT:MEBT_Mag:QH10:2:drift  2.19086    2.924  1.472   4.012    26.631    6.008  2.634  0.00581    2.500000       2000      8.769630   4.858000   10.887657 
   172           MEBT:MEBT_Mag:QH10:3:drift  2.20079    2.866  1.456   4.017    26.663    5.930  2.579  0.00595    2.500000       2000      8.570836   4.812150   10.898333 
   173           MEBT:MEBT_Mag:QH10:4:drift  2.21071    2.809  1.441   4.022    26.695    5.930  2.579  0.00595    2.500000       2000      8.372042   4.766299   10.909009 
   174           MEBT:MEBT_Mag:QH10:5:drift  2.22064    2.751  1.426   4.027    26.728    5.930  2.579  0.00595    2.500000       2000      8.173248   4.720449   10.919685 
   175           MEBT:MEBT_Mag:QH10:6:drift  2.23057    2.694  1.412   4.032    26.765    5.854  2.530  0.00611    2.500000       2000      7.975432   4.675928   10.931183 
   176           MEBT:MEBT_Mag:QH10:7:drift  2.24050    2.638  1.398   4.038    26.802    5.854  2.530  0.00611    2.500000       2000      7.777616   4.631406   10.942682 
   177                  MEBT_RF:Bnch03:Rg01  2.25550    2.561  1.383   4.022    26.696    4.681  2.252  0.01471    2.500000       2000      7.507897   4.581981   10.904484 
   178     MEBT:MEBT_RF:Bnch03:Rg01:1:drift  2.26545    2.517  1.377   3.995    26.517    4.681  2.252  0.01471    2.500000       2000      7.348286   4.561025   10.842275 
   179     MEBT:MEBT_RF:Bnch03:Rg01:2:drift  2.27540    2.473  1.372   3.968    26.338    4.681  2.252  0.01471    2.500000       2000      7.188676   4.540069   10.780066 
   180     MEBT:MEBT_RF:Bnch03:Rg01:3:drift  2.28535    2.429  1.367   3.942    26.165    4.589  2.226  0.01433    2.500000       2000      7.030358   4.522001   10.718826 
   181     MEBT:MEBT_RF:Bnch03:Rg01:4:drift  2.29531    2.386  1.363   3.916    25.992    4.589  2.226  0.01433    2.500000       2000      6.872040   4.503934   10.657587 
   182     MEBT:MEBT_RF:Bnch03:Rg01:5:drift  2.30526    2.343  1.359   3.890    25.820    4.589  2.226  0.01433    2.500000       2000      6.713722   4.485867   10.596347 
   183     MEBT:MEBT_RF:Bnch03:Rg01:6:drift  2.31521    2.301  1.357   3.865    25.653    4.492  2.207  0.01392    2.500000       2000      6.556864   4.470613   10.536165 
   184     MEBT:MEBT_RF:Bnch03:Rg01:7:drift  2.32516    2.259  1.355   3.840    25.487    4.492  2.207  0.01392    2.500000       2000      6.400007   4.455359   10.475983 
   185     MEBT:MEBT_RF:Bnch03:Rg01:8:drift  2.33511    2.217  1.353   3.815    25.321    4.492  2.207  0.01392    2.500000       2000      6.243150   4.440105   10.415801 
   186     MEBT:MEBT_RF:Bnch03:Rg01:9:drift  2.34506    2.177  1.353   3.790    25.161    4.390  2.199  0.01351    2.500000       2000      6.088331   4.427771   10.356647 
   187    MEBT:MEBT_RF:Bnch03:Rg01:10:drift  2.35502    2.136  1.354   3.766    25.001    4.390  2.199  0.01351    2.500000       2000      5.933512   4.415436   10.297493 
   188    MEBT:MEBT_RF:Bnch03:Rg01:11:drift  2.36497    2.096  1.354   3.742    24.842    4.390  2.199  0.01351    2.500000       2000      5.778693   4.403102   10.238339 
   189    MEBT:MEBT_RF:Bnch03:Rg01:12:drift  2.37492    2.057  1.356   3.719    24.689    4.282  2.202  0.01307    2.500000       2000      5.625787   4.392545   10.180366 
   190    MEBT:MEBT_RF:Bnch03:Rg01:13:drift  2.38487    2.018  1.359   3.696    24.536    4.282  2.202  0.01307    2.500000       2000      5.472880   4.381987   10.122393 
   191    MEBT:MEBT_RF:Bnch03:Rg01:14:drift  2.39482    1.979  1.361   3.673    24.384    4.282  2.202  0.01307    2.500000       2000      5.319974   4.371430   10.064420 
   192    MEBT:MEBT_RF:Bnch03:Rg01:15:drift  2.40477    1.942  1.366   3.652    24.239    4.169  2.219  0.01262    2.500000       2000      5.169167   4.363915   10.007708 
   193    MEBT:MEBT_RF:Bnch03:Rg01:16:drift  2.41473    1.904  1.371   3.630    24.094    4.169  2.219  0.01262    2.500000       2000      5.018360   4.356399    9.950997 
   194    MEBT:MEBT_RF:Bnch03:Rg01:17:drift  2.42468    1.867  1.376   3.608    23.949    4.169  2.219  0.01262    2.500000       2000      4.896680   4.365417    9.894286 
   195    MEBT:MEBT_RF:Bnch03:Rg01:18:drift  2.43463    1.832  1.382   3.587    23.811    4.052  2.250  0.01216    2.500000       2000      4.844415   4.377177    9.838768 
   196    MEBT:MEBT_RF:Bnch03:Rg01:19:drift  2.44458    1.796  1.389   3.567    23.674    4.052  2.250  0.01216    2.500000       2000      4.792150   4.388937    9.783250 
   197    MEBT:MEBT_RF:Bnch03:Rg01:20:drift  2.45453    1.761  1.397   3.546    23.537    4.052  2.250  0.01216    2.500000       2000      4.739885   4.400697    9.727732 
   198    MEBT:MEBT_RF:Bnch03:Rg01:21:drift  2.46448    1.728  1.406   3.526    23.408    3.932  2.297  0.01169    2.500000       2000      4.689991   4.415475    9.673624 
   199    MEBT:MEBT_RF:Bnch03:Rg01:22:drift  2.47444    1.694  1.415   3.507    23.279    3.932  2.297  0.01169    2.500000       2000      4.640097   4.430253    9.619515 
   200    MEBT:MEBT_RF:Bnch03:Rg01:23:drift  2.48439    1.661  1.425   3.488    23.150    3.932  2.297  0.01169    2.500000       2000      4.590203   4.445031    9.565407 
   201    MEBT:MEBT_RF:Bnch03:Rg01:24:drift  2.49434    1.630  1.436   3.469    23.029    3.810  2.360  0.01122    2.500000       2000      4.542806   4.462965    9.512737 
   202    MEBT:MEBT_RF:Bnch03:Rg01:25:drift  2.50429    1.599  1.448   3.451    22.908    3.810  2.360  0.01122    2.500000       2000      4.495408   4.480899    9.460068 
   203    MEBT:MEBT_RF:Bnch03:Rg01:26:drift  2.51424    1.568  1.460   3.433    22.788    3.810  2.360  0.01122    2.500000       2000      4.448010   4.498833    9.407399 
   204    MEBT:MEBT_RF:Bnch03:Rg01:27:drift  2.52419    1.539  1.474   3.416    22.676    3.689  2.438  0.01075    2.500000       2000      4.403065   4.535244    9.356204 
   205    MEBT:MEBT_RF:Bnch03:Rg01:28:drift  2.53415    1.510  1.487   3.399    22.564    3.689  2.438  0.01075    2.500000       2000      4.358120   4.576443    9.305009 
   206    MEBT:MEBT_RF:Bnch03:Rg01:29:drift  2.54410    1.482  1.502   3.382    22.453    3.689  2.438  0.01075    2.500000       2000      4.313176   4.617642    9.253814 
   207    MEBT:MEBT_RF:Bnch03:Rg01:30:drift  2.55405    1.456  1.518   3.367    22.349    3.569  2.531  0.01028    2.500000       2000      4.271950   4.661552    9.203881 
   208    MEBT:MEBT_RF:Bnch03:Rg01:31:drift  2.56400    1.430  1.534   3.351    22.247    3.569  2.531  0.01028    2.500000       2000      4.230724   4.705462    9.153949 
   209    MEBT:MEBT_RF:Bnch03:Rg01:32:drift  2.57395    1.404  1.550   3.336    22.144    3.569  2.531  0.01028    2.500000       2000      4.189498   4.749372    9.104016 
   210    MEBT:MEBT_RF:Bnch03:Rg01:33:drift  2.58390    1.381  1.568   3.322    22.051    3.454  2.637  0.00983    2.500000       2000      4.150771   4.795950    9.055557 
   211    MEBT:MEBT_RF:Bnch03:Rg01:34:drift  2.59385    1.358  1.587   3.308    21.958    3.454  2.637  0.00983    2.500000       2000      4.112045   4.842527    9.007098 
   212    MEBT:MEBT_RF:Bnch03:Rg01:35:drift  2.60381    1.335  1.606   3.294    21.865    3.454  2.637  0.00983    2.500000       2000      4.073319   4.889105    8.958639 
   213    MEBT:MEBT_RF:Bnch03:Rg01:36:drift  2.61376    1.314  1.626   3.281    21.781    3.347  2.754  0.00940    2.500000       2000      4.037250   4.938141    8.911644 
   214    MEBT:MEBT_RF:Bnch03:Rg01:37:drift  2.62371    1.294  1.647   3.269    21.697    3.347  2.754  0.00940    2.500000       2000      4.001181   4.987178    8.864648 
   215    MEBT:MEBT_RF:Bnch03:Rg01:38:drift  2.63366    1.275  1.667   3.256    21.614    3.347  2.754  0.00940    2.500000       2000      3.965113   5.036214    8.817652 
   216    MEBT:MEBT_RF:Bnch03:Rg01:39:drift  2.64361    1.258  1.690   3.245    21.539    3.251  2.880  0.00899    2.500000       2000      3.931576   5.087660    8.772140 
   217    MEBT:MEBT_RF:Bnch03:Rg01:40:drift  2.65356    1.241  1.713   3.234    21.465    3.251  2.880  0.00899    2.500000       2000      3.898039   5.139105    8.726627 
   218    MEBT:MEBT_RF:Bnch03:Rg01:41:drift  2.66352    1.225  1.736   3.223    21.392    3.251  2.880  0.00899    2.500000       2000      3.864502   5.190551    8.681115 
   219    MEBT:MEBT_RF:Bnch03:Rg01:42:drift  2.67347    1.211  1.760   3.213    21.327    3.172  3.012  0.00863    2.500000       2000      3.835575   5.243654    8.636956 
   220    MEBT:MEBT_RF:Bnch03:Rg01:43:drift  2.68342    1.198  1.785   3.203    21.263    3.172  3.012  0.00863    2.500000       2000      3.806648   5.296756    8.592797 
   221    MEBT:MEBT_RF:Bnch03:Rg01:44:drift  2.69337    1.186  1.810   3.194    21.199    3.172  3.012  0.00863    2.500000       2000      3.777722   5.349859    8.548638 
   222    MEBT:MEBT_RF:Bnch03:Rg01:45:drift  2.70332    1.176  1.837   3.185    21.145    3.111  3.148  0.00830    2.500000       2000      3.767824   5.405147    8.505936 
   223    MEBT:MEBT_RF:Bnch03:Rg01:46:drift  2.71327    1.166  1.863   3.177    21.091    3.111  3.148  0.00830    2.500000       2000      3.766178   5.460436    8.463234 
   224    MEBT:MEBT_RF:Bnch03:Rg01:47:drift  2.72323    1.158  1.890   3.169    21.037    3.111  3.148  0.00830    2.500000       2000      3.764532   5.515724    8.420533 
   225    MEBT:MEBT_RF:Bnch03:Rg01:48:drift  2.73318    1.152  1.919   3.163    20.992    3.071  3.286  0.00803    2.500000       2000      3.765380   5.581906    8.379293 
   226    MEBT:MEBT_RF:Bnch03:Rg01:49:drift  2.74313    1.146  1.948   3.156    20.948    3.071  3.286  0.00803    2.500000       2000      3.766228   5.654829    8.338054 
   227    MEBT:MEBT_RF:Bnch03:Rg01:50:drift  2.75308    1.142  1.976   3.149    20.904    3.071  3.286  0.00803    2.500000       2000      3.767076   5.727751    8.296814 
   228    MEBT:MEBT_RF:Bnch03:Rg01:51:drift  2.76303    1.139  2.007   3.144    20.870    3.054  3.423  0.00782    2.500000       2000      3.770412   5.802965    8.257020 
   229    MEBT:MEBT_RF:Bnch03:Rg01:52:drift  2.77298    1.138  2.037   3.139    20.835    3.054  3.423  0.00782    2.500000       2000      3.773749   5.878179    8.217225 
   230    MEBT:MEBT_RF:Bnch03:Rg01:53:drift  2.78294    1.137  2.068   3.134    20.801    3.054  3.423  0.00782    2.500000       2000      3.777085   5.953393    8.177431 
   231    MEBT:MEBT_RF:Bnch03:Rg01:54:drift  2.79289    1.139  2.100   3.130    20.776    3.057  3.558  0.00767    2.500000       2000      3.782894   6.030455    8.139070 
   232    MEBT:MEBT_RF:Bnch03:Rg01:55:drift  2.80284    1.141  2.132   3.126    20.752    3.057  3.558  0.00767    2.500000       2000      3.788703   6.107516    8.108754 
   233    MEBT:MEBT_RF:Bnch03:Rg01:56:drift  2.81279    1.144  2.165   3.123    20.727    3.057  3.558  0.00767    2.500000       2000      3.794511   6.184577    8.089340 
   234    MEBT:MEBT_RF:Bnch03:Rg01:57:drift  2.82274    1.150  2.199   3.120    20.712    3.080  3.690  0.00758    2.500000       2000      3.802653   6.264004    8.073984 
   235    MEBT:MEBT_RF:Bnch03:Rg01:58:drift  2.83269    1.156  2.233   3.118    20.697    3.080  3.690  0.00758    2.500000       2000      3.810794   6.343430    8.058629 
   236    MEBT:MEBT_RF:Bnch03:Rg01:59:drift  2.84265    1.163  2.267   3.116    20.682    3.080  3.690  0.00758    2.500000       2000      3.967058   6.422857    8.043274 
   237    MEBT:MEBT_RF:Bnch03:Rg01:60:drift  2.85260    1.172  2.302   3.115    20.676    3.120  3.817  0.00755    2.500000       2000      4.153441   6.504514    8.029532 
   238    MEBT:MEBT_RF:Bnch03:Rg01:61:drift  2.86255    1.182  2.338   3.114    20.670    3.120  3.817  0.00755    2.500000       2000      4.339824   6.586170    8.015789 
   239    MEBT:MEBT_RF:Bnch03:Rg01:62:drift  2.87250    1.193  2.373   3.113    20.664    3.120  3.817  0.00755    2.500000       2000      4.526207   6.667827    8.002047 
   240                        MEBT_Mag:QV11  2.93350    1.453  2.280   3.120    20.709    7.870  6.786  0.00768    2.500000       2000      6.359738   6.281819    7.931962 
   241           MEBT:MEBT_Mag:QV11:1:drift  2.94339    1.527  2.214   3.122    20.724    7.870  6.786  0.00768    2.500000       2000      6.780907   6.077357    7.922134 
   242           MEBT:MEBT_Mag:QV11:2:drift  2.95328    1.603  2.150   3.126    20.748    7.987  6.672  0.00781    2.500000       2000      7.203175   5.875235    7.914021 
   243           MEBT:MEBT_Mag:QV11:3:drift  2.96317    1.679  2.086   3.129    20.771    7.987  6.672  0.00781    2.500000       2000      7.625443   5.673114    7.905908 
   244           MEBT:MEBT_Mag:QV11:4:drift  2.97306    1.756  2.022   3.133    20.795    7.987  6.672  0.00781    2.500000       2000      8.047711   5.470992    7.897795 
   245           MEBT:MEBT_Mag:QV11:5:drift  2.98294    1.833  1.959   3.138    20.826    8.101  6.559  0.00797    2.500000       2000      8.470776   5.271643    7.891264 
   246           MEBT:MEBT_Mag:QV11:6:drift  2.99283    1.911  1.896   3.142    20.858    8.101  6.559  0.00797    2.500000       2000      8.893841   5.072295    7.884733 
   247           MEBT:MEBT_Mag:QV11:7:drift  3.00272    1.990  1.833   3.147    20.891    8.101  6.559  0.00797    2.500000       2000      9.316906   4.872946    7.878202 
   248           MEBT:MEBT_Mag:QV11:8:drift  3.01261    2.069  1.772   3.153    20.929    8.192  6.467  0.00813    2.500000       2000      9.740333   4.676294    7.873024 
   249           MEBT:MEBT_Mag:QV11:9:drift  3.02250    2.148  1.711   3.159    20.968    8.192  6.467  0.00813    2.500000       2000     10.163760   4.479641    7.867845 
   250                        MEBT_Mag:QH12  3.08350    2.143  1.722   3.205    21.273    8.354  6.815  0.00876    2.500000       2000     10.383613   4.253834    7.848744 
   251           MEBT:MEBT_Mag:QH12:1:drift  3.09307    2.065  1.785   3.213    21.330    8.354  6.815  0.00876    2.500000       2000     10.040144   4.369375    7.847657 
   252           MEBT:MEBT_Mag:QH12:2:drift  3.10264    1.987  1.847   3.222    21.388    8.354  6.815  0.00876    2.500000       2000      9.696676   4.485368    7.864640 
   253           MEBT:MEBT_Mag:QH12:3:drift  3.11221    1.910  1.912   3.232    21.453    8.248  6.924  0.00905    2.500000       2000      9.353532   4.625651    7.929544 
   254           MEBT:MEBT_Mag:QH12:4:drift  3.12179    1.833  1.976   3.242    21.517    8.248  6.924  0.00905    2.500000       2000      9.010388   4.765933    7.994447 
   255           MEBT:MEBT_Mag:QH12:5:drift  3.13136    1.756  2.040   3.251    21.583    8.248  6.924  0.00905    2.500000       2000      8.667245   4.906216    8.059350 
   256           MEBT:MEBT_Mag:QH12:6:drift  3.14093    1.680  2.106   3.262    21.654    8.149  7.025  0.00933    2.500000       2000      8.325004   5.049213    8.125008 
   257           MEBT:MEBT_Mag:QH12:7:drift  3.15050    1.605  2.171   3.273    21.726    8.149  7.025  0.00933    2.500000       2000      7.982763   5.192210    8.190666 
   258                  MEBT_RF:Bnch04:Rg01  3.16550    1.500  2.293   3.238    21.495    6.494  9.483  0.02982    2.500000       2000      7.482902   5.464519    8.152143 
   259     MEBT:MEBT_RF:Bnch04:Rg01:1:drift  3.17507    1.443  2.383   3.183    21.128    6.494  9.483  0.02982    2.500000       2000      7.187225   5.669041    8.037324 
   260     MEBT:MEBT_RF:Bnch04:Rg01:2:drift  3.18464    1.385  2.473   3.128    20.762    6.494  9.483  0.02982    2.500000       2000      6.891547   5.873563    7.922504 
   261     MEBT:MEBT_RF:Bnch04:Rg01:3:drift  3.19421    1.329  2.564   3.074    20.402    6.387  9.591  0.02933    2.500000       2000      6.597612   6.083161    7.808926 
   262     MEBT:MEBT_RF:Bnch04:Rg01:4:drift  3.20379    1.273  2.655   3.020    20.043    6.387  9.591  0.02933    2.500000       2000      6.303677   6.309860    7.695348 
   263     MEBT:MEBT_RF:Bnch04:Rg01:5:drift  3.21336    1.218  2.746   2.966    19.685    6.387  9.591  0.02933    2.500000       2000      6.009742   6.536559    7.581770 
   264     MEBT:MEBT_RF:Bnch04:Rg01:6:drift  3.22293    1.165  2.838   2.912    19.332    6.299  9.679  0.02892    2.500000       2000      5.717977   6.764452    7.469643 
   265     MEBT:MEBT_RF:Bnch04:Rg01:7:drift  3.23250    1.112  2.930   2.859    18.980    6.299  9.679  0.02892    2.500000       2000      5.426212   6.992345    7.357516 
   266                        MEBT_Mag:QV13  3.29350    1.046  2.836   2.533    16.812    4.629  12.622  0.02747    2.500000       2000      4.743977   6.809472    6.674618 
   267           MEBT:MEBT_Mag:QV13:1:drift  3.30283    1.077  2.719   2.485    16.492    4.629  12.622  0.02747    2.500000       2000      4.809872   6.533420    6.571640 
   268           MEBT:MEBT_Mag:QV13:2:drift  3.31217    1.109  2.602   2.437    16.173    4.629  12.622  0.02747    2.500000       2000      4.875767   6.257368    6.468663 
   269           MEBT:MEBT_Mag:QV13:3:drift  3.32150    1.143  2.486   2.390    15.863    4.730  12.491  0.02684    2.500000       2000      4.942244   5.982334    6.401078 
   270           MEBT:MEBT_Mag:QV13:4:drift  3.33083    1.177  2.370   2.343    15.555    4.730  12.491  0.02684    2.500000       2000      5.008721   5.707300    6.343779 
   271           MEBT:MEBT_Mag:QV13:5:drift  3.34017    1.212  2.254   2.297    15.247    4.730  12.491  0.02684    2.500000       2000      5.075198   5.440430    6.286480 
   272           MEBT:MEBT_Mag:QV13:6:drift  3.34950    1.250  2.139   2.252    14.949    4.853  12.341  0.02614    2.500000       2000      5.142301   5.181388    6.230352 
   273           MEBT:MEBT_Mag:QV13:7:drift  3.35883    1.287  2.025   2.207    14.652    4.853  12.341  0.02614    2.500000       2000      5.241891   4.922346    6.174223 
   274           MEBT:MEBT_Mag:QV13:8:drift  3.36817    1.326  1.911   2.163    14.357    4.853  12.341  0.02614    2.500000       2000      5.387076   4.663305    6.118095 
   275           MEBT:MEBT_Mag:QV13:9:drift  3.37750    1.366  1.798   2.120    14.071    4.969  12.201  0.02551    2.500000       2000      5.533669   4.412602    6.063006 
   276                        MEBT_Mag:QH14  3.43850    1.451  1.300   1.856    12.320    2.834  5.306  0.02398    2.500000       2000      5.718389   3.407475    5.708187 
   277           MEBT:MEBT_Mag:QH14:1:drift  3.44823    1.438  1.258   1.819    12.073    2.701  5.076  0.02292    2.500000       2000      5.624352   3.335535    5.654283 
   278           MEBT:MEBT_Mag:QH14:2:drift  3.45795    1.425  1.216   1.782    11.828    2.701  5.076  0.02292    2.500000       2000      5.530314   3.263595    5.600379 
   279           MEBT:MEBT_Mag:QH14:3:drift  3.46768    1.413  1.174   1.745    11.585    2.701  5.076  0.02292    2.500000       2000      5.436276   3.191655    5.546474 
   280           MEBT:MEBT_Mag:QH14:4:drift  3.47740    1.403  1.136   1.712    11.363    2.591  4.829  0.02177    2.500000       2000      5.344105   3.124428    5.494341 
   281           MEBT:MEBT_Mag:QH14:5:drift  3.48713    1.394  1.099   1.679    11.143    2.591  4.829  0.02177    2.500000       2000      5.251934   3.057200    5.442207 
   282           MEBT:MEBT_Mag:QH14:6:drift  3.49685    1.386  1.063   1.646    10.926    2.591  4.829  0.02177    2.500000       2000      5.159763   2.989973    5.390074 
   283           MEBT:MEBT_Mag:QH14:7:drift  3.50658    1.381  1.031   1.617    10.732    2.524  4.571  0.02056    2.500000       2000      5.069748   2.927683    5.339604 
   284           MEBT:MEBT_Mag:QH14:8:drift  3.51630    1.376  0.999   1.588    10.541    2.524  4.571  0.02056    2.500000       2000      4.979733   2.865394    5.289134 
   285           MEBT:MEBT_Mag:QH14:9:drift  3.52603    1.371  0.969   1.560    10.354    2.524  4.571  0.02056    2.500000       2000      4.895885   2.803104    5.238664 
   286          MEBT:MEBT_Mag:QH14:10:drift  3.53575    1.371  0.944   1.535    10.192    2.522  4.324  0.01932    2.500000       2000      4.858816   2.777314    5.190312 
   287          MEBT:MEBT_Mag:QH14:11:drift  3.54548    1.371  0.919   1.512    10.033    2.522  4.324  0.01932    2.500000       2000      4.821748   2.766055    5.141960 
   288          MEBT:MEBT_Mag:QH14:12:drift  3.55520    1.371  0.897   1.488    9.879    2.522  4.324  0.01932    2.500000       2000      4.784680   2.754796    5.093608 
   289          MEBT:MEBT_Mag:QH14:13:drift  3.56493    1.375  0.879   1.469    9.752    2.598  4.120  0.01817    2.500000       2000      4.750453   2.748781    5.047154 
   290          MEBT:MEBT_Mag:QH14:14:drift  3.57465    1.380  0.863   1.451    9.629    2.598  4.120  0.01817    2.500000       2000      4.716226   2.742767    5.000700 
   291          MEBT:MEBT_Mag:QH14:15:drift  3.58438    1.385  0.848   1.433    9.510    2.598  4.120  0.01817    2.500000       2000      4.681999   2.736752    4.954246 
   292          MEBT:MEBT_Mag:QH14:16:drift  3.59410    1.395  0.840   1.419    9.421    2.753  3.991  0.01717    2.500000       2000      4.650806   2.735591    4.909626 
   293          MEBT:MEBT_Mag:QH14:17:drift  3.60383    1.404  0.833   1.406    9.336    2.753  3.991  0.01717    2.500000       2000      4.619614   2.734431    4.865006 
   294          MEBT:MEBT_Mag:QH14:18:drift  3.61355    1.415  0.827   1.394    9.256    2.753  3.991  0.01717    2.500000       2000      4.588421   2.733270    4.820387 
   295          MEBT:MEBT_Mag:QH14:19:drift  3.62328    1.428  0.827   1.386    9.200    2.923  3.967  0.01659    2.500000       2000      4.559791   2.735866    4.777490 
   296          MEBT:MEBT_Mag:QH14:20:drift  3.63300    1.443  0.829   1.378    9.149    2.923  3.967  0.01659    2.500000       2000      4.531160   2.738462    4.734592 
