% PARTICLE_ATTRIBUTES_CONTROLLERS_NAMES 
% BUNCH_ATTRIBUTE_DOUBLE charge   1 
% BUNCH_ATTRIBUTE_DOUBLE classical_radius   1.5347e-18 
% BUNCH_ATTRIBUTE_DOUBLE macro_size   10 
% BUNCH_ATTRIBUTE_DOUBLE mass   0.938272 
%  SYNC_PART_COORDS 0 0 0  x, y, z positions in [m]
%  SYNC_PART_MOMENTUM 0 0 1.6960377354293  px, py, pz momentum component in GeV/c
%  SYNC_PART_X_AXIS 1 0 0  nxx, nxy, pxz - x-axis ort coordinates
%  info only: energy of the synchronous particle [GeV] = 1 
%  info only: momentum of the synchronous particle [GeV/c] = 1.6960377354293 
%  info only: beta=v/c of the synchronous particle = 0.87502565967483 
%  info only: gamma=1/sqrt(1-(v/c)**2) of the synchronous particle = 2.0657890249309 
%  SYNC_PART_TIME 2.2872562633413e-09  time in [sec]
% x[m] px[rad] y[m] py[rad] z[m]  (pz or dE [GeV]) 
0.023889051 0.00012067771 -0.0096652435 -9.9646229e-05 40.06078 -6.1826283e-14 
-0.0099476567 -0.0024897496 0.010268439 -0.0018098398 16.056878 -1.1966239e-13 
0.010336863 0.001796092 0.0089731451 0.003648596 52.182315 1.2012854e-13 
0.014926306 -0.0014545142 0.0062890627 0.0036702882 -55.799445 1.1099392e-13 
0.0241381 -0.00067331504 0.0030638929 -0.0020513464 2.4834882 -1.4244498e-13 
-0.010801723 -0.0019843734 0.0038960832 0.0040602146 69.189433 1.6259837e-13 
-0.0024195942 -0.0030329794 0.0041059421 0.0028892301 93.65938 1.2578179e-13 
0.005626733 0.0012371172 -0.0039433139 -0.0049179565 20.010986 9.1172058e-14 
0.0095596325 -7.1565735e-05 0.016834114 0.0024477118 54.99851 1.5886405e-13 
-0.021332615 -0.00089987784 0.0040380491 0.0032638854 -1.2501215 -1.5313293e-13 
-0.0070787239 0.0030881371 0.0044119587 -0.0012468095 74.405306 1.6060161e-13 
-0.014265734 0.00099754338 -0.015643817 -0.00062217805 -14.255236 -2.276014e-14 
-0.01493362 -0.0026699134 -0.0061860898 0.0011031432 95.304235 -9.8117776e-14 
0.0043885316 0.00021821101 0.014289085 -0.0026527778 101.81549 -1.5523857e-13 
0.0059715768 -0.002046141 -0.013824867 0.00011062792 27.162052 6.5466368e-15 
0.00019919413 -0.00055929597 -0.018124647 0.00027782344 34.826091 -1.6659753e-13 
-0.005554621 0.0018596463 0.0026059564 -0.0040536066 -63.690996 -1.2730917e-13 
-0.0025713543 -0.00093525491 -0.015089044 0.001989109 69.007096 2.4162687e-14 
-0.0099442898 -0.00059815366 0.017707117 0.00030670709 2.9244669 1.1586566e-13 
0.01556115 -0.0025326382 -0.0049576772 -0.0013615601 -31.15708 -9.0873232e-14 
0.020449524 -0.0015062835 -0.0042764448 0.001914493 83.146111 1.3524075e-14 
-0.001566046 0.0027400068 -0.011528732 -0.0022741561 -75.69331 -1.7309181e-13 
0.0051486508 0.0024133816 -0.00058112427 -0.0038327589 -98.830135 -1.1900462e-13 
-0.027192725 0.0003594807 0.0022543242 5.0108299e-05 -58.313564 4.9594653e-14 
-0.0098585694 0.00061845641 -0.012464346 -0.0039718913 108.56612 -4.3542627e-14 
0.022556813 -0.00033453884 -0.010546349 -0.00016930962 100.85249 -4.6572745e-14 
0.024168047 -0.00049288687 -0.006255132 0.0012198994 -58.408742 9.9485084e-14 
-0.0038758015 -0.0014751336 0.0025985701 -0.0045963453 47.20975 1.384585e-13 
-0.024240642 -0.00042101204 0.0093483524 0.00015011491 35.8882 -7.5709885e-14 
0.013674111 0.00088551773 0.015645489 0.00024635508 -78.722394 -1.476499e-13 
-0.026991626 -0.00074030741 -0.0034613398 -8.611523e-05 0.80681827 -1.4521014e-13 
0.0048501615 0.003549064 -0.0041133223 0.00017333837 14.176513 -1.2797498e-13 
0.014742234 -0.0014909858 0.0042384479 -0.0034845545 -51.066702 -1.1794263e-13 
0.0022869321 -0.00030453619 -0.0086788752 0.0041754122 -34.82411 1.0142814e-13 
0.0065857975 0.0014776895 -0.014387763 -0.0033714772 6.2149158 3.0818016e-14 
-0.0045158931 -0.0027623853 -0.0038002585 -0.0032452868 83.504095 -8.7848423e-14 
0.0029933429 0.00043055055 0.011531776 -0.0035026669 -84.912656 5.686162e-14 
0.016096732 0.0026107319 -0.0021078752 -0.0024046225 50.960603 -9.9393001e-14 
0.0058046893 -0.003156421 0.0038850686 -0.0018752026 -105.79902 -1.6061421e-13 
0.01365851 0.0013966916 -0.014043631 -0.0025858996 31.964017 -1.0972583e-13 
0.012460202 0.0018910237 -0.0082594787 -0.0037084912 88.588052 1.3095357e-13 
-0.023110395 -0.00047469275 0.0033400894 -0.0025413222 43.093049 1.353748e-13 
0.011969182 0.00053153889 0.0097769335 -0.0033545365 84.00239 -1.8573442e-14 
0.005422023 -0.00081496536 -0.017656997 -0.0014695419 82.330655 -6.9037393e-14 
-0.0075226284 -0.00018126957 -0.0078145598 -0.0049010836 -15.173718 1.0104589e-13 
3.8992855e-05 -0.0017726625 -0.0083786611 0.0033902118 100.64575 -1.5553888e-13 
-0.018936715 0.0010942003 -0.011044513 -0.0021565019 90.772686 -1.0848545e-13 
-0.0025713264 0.00070121749 -0.018199008 0.00050289861 -95.737455 4.8517298e-14 
-0.01518727 -0.00043343903 0.00084397977 -0.0042865545 111.29742 1.365015e-13 
0.010602818 -0.0010108628 -0.0082919281 -0.0043238608 89.122916 -3.7850812e-14 
0.013804751 0.002103782 0.011042374 0.0018252244 1.5328913 -1.7133335e-13 
0.0019477456 0.00060279406 0.0076539415 -0.0043054966 -17.24808 -7.5382747e-14 
0.0027579351 0.0027322854 -0.0066389597 0.0027729427 -72.648157 8.0719509e-14 
0.0020075989 -1.6131621e-05 -0.011979232 0.0034757119 112.40903 1.4277734e-13 
-0.01310436 0.0018519025 -0.00029847907 0.0036694153 -95.527215 -1.2629859e-13 
-0.015272277 0.00045990658 -0.0095757187 -0.0038369862 -72.082056 3.3503548e-14 
-0.0157001 0.0017461912 0.0065758299 -0.0023047427 -79.285602 -1.3202696e-15 
-0.010884371 -0.00033141398 -0.0086855631 -0.004538974 107.44394 7.4715977e-14 
0.002354442 0.0028940301 0.0053803784 -0.0022752495 50.351543 -5.8419903e-14 
0.0088535764 0.00083341697 -0.012014361 -0.0042029386 98.729865 3.3986709e-14 
0.0014112191 -0.0019404656 0.015447561 -0.0010420033 1.7263168 4.9001428e-16 
0.0031088519 0.0014349079 0.0039134207 0.0048186402 -57.49585 1.084525e-13 
0.017570936 -0.001539711 0.011783582 0.0015031237 26.192535 1.5401393e-13 
0.022441502 0.0021247468 0.0027863368 0.00096236231 113.51382 -8.1121098e-14 
0.0066759205 -0.00044673462 0.010926834 -0.00357335 -1.5357773 1.3421561e-13 
-0.0090494529 -0.0030338375 -0.0075393508 0.00019013141 -76.147638 1.5608958e-13 
-0.012047797 -0.0019284386 -0.01313736 0.00019038323 63.426661 1.6244882e-13 
0.02097416 0.00017358782 -0.0089633967 0.0019391839 -2.6503128 1.1133924e-13 
-0.0087659654 -0.0013172149 -0.0021843701 -0.0046685674 93.163354 -1.6123234e-13 
0.02525115 0.0013004474 -0.0015697634 0.0013889502 -37.629281 -2.0051963e-14 
0.0092092683 -0.0020857164 0.0094335081 -0.0025909731 -0.86090278 -1.3638113e-13 
0.0078628904 0.00061694224 -0.011285644 0.0033728432 -74.862129 -1.4311883e-13 
-0.017094188 0.00080481498 0.011140493 -0.001696083 -13.583789 -9.5198914e-14 
-0.011198813 0.0024375196 -0.0088586261 -0.0025331953 99.883925 1.4281332e-13 
0.019588412 0.0019570922 0.008205241 -0.00063366296 75.646107 1.185639e-13 
-0.0025768361 -0.00056999541 0.018757832 0.00010835638 114.11612 8.0606684e-14 
0.0019224156 0.0029329313 0.0034823097 0.0029766413 -31.532026 -1.0582442e-13 
-0.014315907 -0.00013050101 0.012553612 -0.0022554982 -113.40755 -1.0754814e-13 
-0.0086499125 0.0017261068 0.00088809348 0.004295785 -0.53990522 7.5454949e-15 
-0.012788668 0.0011154463 0.0092415365 0.0038526594 -84.31542 6.1019406e-14 
0.024554387 -0.0011992407 -0.0012765944 0.0011225119 94.491985 4.1963733e-14 
0.021031524 0.0018222968 -0.0033202726 -0.0025465487 84.397545 -1.4916349e-13 
0.0072894953 -0.003357871 0.0034974004 -0.00060130747 108.88909 -4.6848945e-14 
0.0085466194 -0.0024151174 0.00043759668 -0.0034567963 67.385251 -6.6079608e-14 
0.0040971411 -0.00064383113 0.018506061 2.5231008e-05 -70.07527 1.0658592e-13 
0.0025925922 0.0018640466 -0.0015069506 0.0044155973 -54.728316 -1.2904985e-13 
0.014367952 0.0015006753 -0.014763064 0.00026073808 -5.1263816 2.4832604e-14 
-0.008641738 0.0027924094 0.0040404766 -0.0020731602 101.47254 1.201819e-13 
-0.022146664 -0.00080378231 -0.010703429 -0.00074683395 -41.616417 -1.3807084e-13 
-0.0017591656 0.0025220483 0.0081630926 0.0031396187 64.471728 2.167311e-14 
-0.0042055988 0.00097879199 -0.0049583335 -0.0050098455 -63.573803 -4.5288256e-14 
-0.014760248 -0.0023467462 -0.010057112 -2.5545424e-05 -86.755455 6.0700848e-14 
0.022827606 -0.0014632628 0.0061548365 -0.00066610309 -40.29455 3.9799263e-14 
-0.010176035 -0.002982969 -0.0060714845 -0.0017529428 -65.644227 -1.6977262e-13 
0.0074551272 0.0015416326 -0.016797343 0.00023939192 -75.123618 -1.5725916e-13 
0.0078088231 0.0031433841 0.0058921169 0.0015091461 -32.795548 3.4402507e-14 
0.00011461324 0.0014191705 -0.0023982064 0.0046905586 -15.470092 5.0758578e-14 
0.0062082413 -0.00041824735 -0.014075446 0.0025100071 41.196301 -7.8220694e-14 
1.339717e-06 -0.00020179776 -0.016098694 0.0019798614 4.6475467 -1.392612e-13 
-0.010452313 0.0019735478 -0.0089428392 0.002714833 72.760994 -1.102701e-13 
-0.026870689 -0.00078569507 0.0041067187 0.00056530624 104.59424 -6.1904319e-14 
0.025024491 -0.00023023836 0.0072513777 0.0012444963 -67.642952 -7.8723567e-14 
0.011305006 0.00010945246 0.013220232 -0.0024966213 -38.689889 -1.0939096e-13 
-0.0093849344 -0.0023958298 0.004847954 0.0036651538 68.86344 -1.4194188e-13 
0.026962855 0.00036514876 -0.0040054003 0.00044338879 -2.299722 -1.2425281e-13 
-0.012135531 -0.0021601934 0.0019681456 -0.0035383152 57.666118 8.612198e-14 
-0.011739364 -0.00055737842 -0.0008674834 -0.0047084006 85.606463 -7.8804435e-14 
-0.0056858157 0.00053548698 0.018040375 0.0014843679 -15.308846 -4.624476e-14 
0.0088268095 -0.0010826079 -0.015523581 -0.0023772022 70.099314 1.6093839e-14 
0.0064937647 -0.00056030344 -0.0076876028 -0.0049022368 62.106492 -1.4420122e-13 
-0.0069329382 -0.0023878426 0.013588179 0.0021275773 -2.6848526 5.7159728e-14 
-0.0093213246 8.9047608e-05 -0.0075624202 -0.0048048435 -7.3114337 7.399173e-14 
-0.011837607 -0.0031990035 0.0067335033 0.00037963859 -85.277341 -1.5581891e-14 
0.022056233 -0.0011989989 -0.0075436116 -0.0015298879 -29.012619 -1.0669238e-13 
-0.016664968 -0.0025891113 0.007271551 0.0017845253 -109.43784 -1.5803507e-13 
-0.0083754639 0.0025095761 -0.012312508 -0.0016307811 -79.007974 1.4358324e-13 
0.026140673 0.00077042194 0.0037853697 -0.001024437 -108.29888 1.2273322e-13 
0.014157464 -0.0009335679 -0.014138171 0.0007044503 25.179186 -8.920598e-14 
-0.022760568 -0.00067279191 0.010823178 0.00016425934 -39.357676 3.3445096e-14 
-0.014525034 -0.001532164 -0.010701519 -0.0029640551 -92.360677 -1.6625121e-13 
0.023982314 0.0018613929 -0.00081098962 0.0010598126 2.4036645 -5.1525587e-14 
0.0074053382 -0.0033755348 0.0038956946 0.0002852169 -109.42779 1.1238016e-14 
-0.01625472 0.0019813138 -0.0091628203 -0.0021721928 74.379757 1.6702584e-13 
0.0068367304 0.00030681096 -0.018251179 1.3689471e-05 103.12469 8.9130126e-14 
0.013779594 0.0010663438 -0.014839198 -0.0024861901 -65.147589 8.4220086e-14 
0.0078631533 0.0021214297 -0.0061624967 0.0034840313 38.336102 -8.2957878e-14 
-0.010014513 0.0018785068 -0.009571706 0.0027312892 -59.050753 5.6673835e-15 
0.0075582908 0.0032056492 -0.0090302712 -0.00012259029 -50.294332 8.9125044e-14 
0.015441988 -0.00038386657 -0.007293168 -0.0041572045 -61.559644 2.3562744e-14 
0.026079789 0.00063690213 -0.00043086036 0.001641563 7.8504307 -4.1617249e-14 
-0.013437641 -0.0014779297 0.015291651 0.0016268711 106.70757 -1.3256131e-13 
-0.013349429 0.00098125365 -0.001545946 -0.00432098 -19.625634 1.5708324e-13 
0.023904515 -0.0010770679 -0.0056595 0.00058374661 -26.749981 5.3901863e-14 
-0.021708426 -0.0013328902 0.0043281696 0.0028626458 114.98959 -5.5004365e-14 
-0.022149504 0.00071623255 -0.009935637 -0.0015289467 47.457645 -2.7249185e-14 
-0.021045338 -0.001718807 0.0027726749 0.0026957214 -76.523804 1.2113673e-13 
0.017540004 0.00019182695 0.0061413493 -0.0034353064 -76.723391 8.5794111e-14 
0.017730836 0.0011941973 -0.01143978 0.0016439391 77.949642 -1.710982e-13 
-0.007273228 -0.00026749701 0.012602756 -0.0030801343 -95.200165 1.3107228e-13 
-0.0023965433 -0.0025323263 -0.00014163433 -0.0037498976 63.386657 1.0682958e-13 
-0.017051878 -0.00065509323 -0.011314355 0.0020368059 100.64304 1.6585684e-13 
-0.021778502 -0.0022427243 0.0021859312 -0.001138413 82.39698 -4.5094675e-14 
-0.016670098 -0.0008381124 -0.0063958962 -0.0038967053 -87.046671 8.5823587e-14 
-0.004082603 0.0022971283 0.0072072403 0.0036001184 28.77814 -3.1644206e-14 
0.01588338 -0.0020107661 -0.0099279157 -0.0006439369 69.040376 -1.0613513e-15 
0.018288685 0.00053281058 -0.013882849 0.00036977052 115.7433 -3.2980082e-14 
0.0030918658 -0.0029942606 -0.0022314947 0.0024787796 74.076645 -1.1301526e-13 
-0.0053082991 0.0012241844 -0.0078854172 0.0039989874 -92.056869 8.8117142e-14 
-0.00030358532 -0.0031466277 -0.005551791 -0.0020546905 71.984676 -1.7178242e-13 
-0.019744191 -0.00099828587 0.013025377 0.00098943971 50.380631 1.397663e-13 
0.00027761292 -0.00052474639 -0.017906467 0.00056643037 63.562557 -6.192296e-14 
0.019765126 0.00036561098 0.0082703894 0.0032018198 -41.210811 8.7427976e-14 
0.0043614245 0.00033791794 -0.001552792 -0.0052161591 114.17737 -5.3020597e-14 
-0.0012139078 -0.0024252179 -0.012004437 0.00093188307 -32.357356 -8.95242e-14 
-0.027162845 -0.00099320732 0.00069719135 0.00033147173 39.701328 -5.4975169e-14 
0.003153865 -0.0018347782 -0.0035148222 -0.0044853603 -114.33421 -1.3660358e-14 
-0.0046438057 0.0012212722 -0.01804802 -0.00072429679 -32.759607 -1.7065541e-13 
-0.0030651378 0.0035490965 -0.0025217013 0.00010717726 -52.265757 -9.6591931e-14 
-0.012787455 -0.0028144899 -0.0047343089 0.0016741192 100.76114 -8.0245022e-15 
-0.0085821594 -0.0031113506 -0.0049569062 0.0013134995 -20.346164 -4.2960186e-14 
0.006530571 0.0017638534 -0.0065172129 -0.0044494494 -110.97443 8.7702137e-14 
-0.0019939096 -0.0023188499 0.0047217759 0.0040723842 -24.595244 1.2950092e-13 
-0.003394529 0.00070950362 0.017657464 -0.00038066983 -80.036897 -1.2532354e-13 
0.005955571 -0.0019467141 -0.0075221008 -0.0039356692 84.560704 9.1108138e-14 
0.02213238 0.0003813933 -0.011618289 -0.00040742939 -46.692065 -1.1475761e-13 
-0.018982229 0.0013679981 -0.00064889805 -0.0030745414 -41.962563 -8.1829244e-14 
-0.0045906817 0.002824934 -0.012231794 -0.00028874855 63.544442 1.5204643e-13 
-0.020616452 0.0020358904 -0.0058154309 -0.00052678523 86.300674 1.563796e-13 
-0.018653143 -0.0011799571 -0.001089198 -0.0035863656 27.408835 -1.1934034e-13 
0.0074558744 0.0029101754 -0.0084104048 -0.0024803565 59.364494 -6.2033644e-14 
0.0034846025 0.00016899105 0.01847339 -0.00011820278 25.317104 9.0447764e-14 
-0.008878187 0.0016800686 -0.0036981524 0.0040407997 45.97173 6.3948778e-14 
-0.022987487 0.0011142235 -0.0035130176 0.0019860084 78.842773 3.5592572e-14 
-0.00047675835 0.0034275374 -0.0068205591 0.00030442624 84.007547 5.3372501e-14 
0.023220967 0.0019736949 -0.0012621434 -0.0013893066 -9.5344656 1.25147e-13 
-0.015761032 0.0015152366 -0.00074661318 -0.0035579698 -29.797597 -4.5877249e-14 
-0.006879461 -0.00078768193 -0.01651586 0.0010178531 -114.8994 1.3099169e-13 
0.025305097 0.00014512088 -0.0078750565 -0.00014860559 -18.519201 -5.7497389e-14 
-0.010590327 0.0017634626 0.011235684 0.0029050804 -5.4720036 1.3021274e-13 
-0.018524393 -0.00036236697 0.0064694605 0.0038322596 -53.125057 -2.2466717e-14 
0.0045036775 0.0017714141 0.013080913 -0.0018158715 33.698103 -3.5210228e-14 
0.0032438418 -0.0032896111 0.0064877051 0.0016019331 -75.533981 8.1986101e-14 
0.0092871353 -0.00015258974 -0.017835223 -0.00067313388 112.07704 1.3753311e-13 
0.0035978553 0.00095823735 -0.018255917 -0.0018716284 -71.961493 5.2000145e-14 
-0.0056988936 -0.0025336824 -0.01206799 -0.0011660073 59.488355 -1.0055365e-13 
-0.0028479662 -0.0019585868 -0.01514784 -0.0004778202 -38.640587 -6.0210077e-14 
0.017336848 -0.0020862214 0.009558809 -0.00029676919 99.134545 1.6603038e-14 
-0.014900129 -0.0017023994 -0.0079726976 0.0025819216 106.19233 -2.7267141e-14 
0.016199861 -0.002703665 -0.0013980518 0.0006110019 73.133028 1.3459358e-14 
-0.01690992 -0.0024954839 0.0073748586 0.0019691556 21.794732 2.8004694e-15 
0.0028583454 0.00090802719 0.016100731 0.003006398 -20.198841 -1.5286848e-13 
-0.0057547905 0.0011213848 0.014562679 -0.0017905953 -29.441041 -1.4837792e-13 
0.020467257 0.00029961744 0.012151365 -0.00055483785 100.54918 -4.7374746e-14 
-0.014081013 -0.0024759151 -0.0043275804 0.0023619837 62.710175 -3.7283053e-14 
0.026381744 0.00049308113 0.0023384275 -0.0014051968 -53.408581 -7.5545669e-14 
0.014031049 0.0026147949 1.6519375e-05 0.0026947571 86.049123 -9.4720151e-14 
0.015024493 -0.0025643344 0.0054785858 -0.0014225168 78.558011 1.6001158e-13 
0.011036596 0.0029294555 0.0053291821 -0.0014634011 63.785129 5.7741159e-14 
-0.015018444 -0.0016743673 -0.0044758055 0.0033235904 30.794122 1.1715975e-13 
-0.00063764246 -0.0011556946 -0.0029468864 0.0047157263 10.065973 -1.5529173e-13 
0.0061378218 -0.0033296229 0.0018960824 -0.0013548615 -114.41394 2.0945814e-15 
-0.0048029599 -0.0012200631 -0.016294636 -0.0023258241 -69.532958 -5.9101161e-14 
-0.023107534 0.00011755303 -0.0048936482 -0.00272276 17.68738 -1.5174755e-13 
0.0074497964 -0.0029058388 0.0014896278 -0.0025987657 71.470007 4.2052167e-14 
-0.0044427667 -0.00078878733 0.01858218 0.00031421755 36.008527 2.4105711e-14 
-0.0027757899 0.00013349548 -0.0073352094 -0.0051424918 -4.5054407 2.8657717e-14 
-0.01842484 0.0013952769 0.0021855261 -0.0029443305 15.64176 -1.1195744e-13 
-0.017160959 0.00093236704 -0.014117308 -0.0011164652 -66.667749 -9.81782e-14 
0.018427622 0.0021870658 -0.0090239262 0.00086231092 97.867855 8.309751e-14 
-0.0079109708 -4.3570003e-05 -0.00076526738 -0.0050299576 -69.909251 4.0159153e-14 
-0.019639861 0.00037147591 0.006392561 0.0035003513 -103.99288 -8.2633282e-14 
-0.020405503 0.00087099943 -0.0015230567 0.0031879376 -51.182545 3.2235096e-14 
-0.0075174044 0.00019417213 -0.0068936974 0.00435722 46.065044 -1.2183241e-13 
0.0043377349 0.0020453905 0.0063804836 -0.0034651208 14.286253 -4.907136e-14 
0.0070795702 0.0024903023 -0.00044377276 -0.0036350165 -108.0242 -2.9397058e-14 
-0.0092393242 -0.0014663932 0.015006662 -0.0014353004 -33.022717 -4.8667139e-14 
0.011822713 0.00080355855 -0.0029131169 0.00441469 -115.30702 -1.4865842e-13 
-0.016242675 0.0018731885 -0.0056829349 0.0025636427 18.186136 -3.3754524e-14 
-0.017280268 -0.0012590658 -0.0058909369 -0.0035930793 31.029387 7.7352546e-14 
0.018897142 0.0025888277 -0.0066405523 -0.00024543708 -22.960163 -8.4625117e-14 
-0.0013963439 -0.002521786 -0.0033106172 -0.0037438143 63.453038 -1.425364e-14 
0.014244876 -0.002506823 -0.0072054093 0.00030787509 -33.626965 8.2284433e-14 
0.022472728 0.001817598 0.0041628428 0.0016417104 57.593827 -4.3916293e-14 
-0.0073229371 -0.0034198992 0.00086292851 0.0013374339 54.004664 -6.7247115e-15 
-0.016272789 -0.0027767863 0.0071541219 0.0011452125 -94.539695 -1.8373686e-16 
-0.019376913 0.0022910758 4.1374483e-05 -0.0010433034 -24.377843 2.1380362e-14 
0.0095237129 -0.0018573037 0.0016471276 0.0040522221 -22.491136 6.9166861e-14 
0.017183811 0.001494025 -0.0093303739 -0.0031821122 -111.57039 1.629479e-13 
-0.0054613099 -0.00071459553 0.0068389275 0.0050363 -80.470673 -1.0516235e-13 
-0.014699461 0.00037488335 -0.0042416352 -0.0043958449 -107.43185 -1.1563823e-13 
-0.0049925056 -0.00026036342 -0.012435193 -0.0043957399 -11.876933 -8.297877e-14 
-2.5782905e-06 0.0027206474 -0.01177774 -0.0023066048 81.795726 9.2418315e-14 
0.0037986148 -0.0013584316 -0.011219113 -0.0040754134 -17.54081 1.4222686e-13 
0.0066691438 0.0014990562 -0.0083193141 0.0037249421 50.668187 4.7710388e-14 
0.0013607744 -0.0029000246 -0.0092067469 -0.0016392028 -86.779329 1.3930889e-13 
0.0026037001 -0.0031856188 -0.0038785214 0.001625671 50.911481 -8.1402827e-14 
0.0011030304 0.0029846277 0.0094726645 0.00015448813 3.4502954 1.6300619e-13 
0.012119604 -0.0019265648 -0.0069860765 -0.0033773891 -61.64472 9.4236224e-14 
-0.0064749983 -0.00074579481 -0.017785974 -0.0013159332 37.484745 9.8940482e-14 
0.014482032 0.00088887957 -0.010398935 -0.003853884 72.237682 2.8392302e-14 
-0.0073048894 0.00041135726 0.015777141 0.0031895666 22.431224 -1.1313396e-13 
0.012699445 0.0016005765 -0.010314291 0.0026529108 -114.83047 1.2012646e-13 
-0.0024728914 0.0026078556 0.010032516 0.0023461253 55.34402 -9.8025488e-15 
0.0028711483 -0.0030643852 -0.0025460847 -0.002601292 52.794307 1.1928769e-13 
-0.001064594 -0.0029135664 -0.009732522 0.00028408314 -99.998135 -4.3236556e-14 
-0.01581823 4.4881969e-05 -0.0054806604 0.0038066498 18.090434 -3.6466713e-14 
-0.01445349 -0.0029697875 0.002486003 -0.0015712833 -99.523945 -1.6390879e-13 
0.0090343391 0.00087494173 -0.015279733 0.001781215 -13.364489 -4.5627204e-15 
-0.0030650188 0.0027518878 -0.0096237093 -0.0027183744 76.922112 -1.5533267e-13 
-0.0087811079 0.0017473486 0.012987564 0.0025332885 66.845564 -1.3616422e-13 
-0.0069551154 -0.0034607723 0.0046769203 -0.00052369683 -113.29775 -1.7020636e-13 
0.018084066 -0.00085540623 0.00051568722 0.00366119 100.4928 3.466916e-14 
0.010402484 0.0015047607 0.0014004547 0.0044252516 -35.449568 1.3808208e-13 
-0.015141167 -0.00071680634 -0.013011649 -0.0028740133 -102.15996 1.2389174e-14 
-0.022093432 0.00094515889 0.0023554066 0.0027891254 -87.725374 1.7888258e-14 
-0.01196059 0.00047952922 -0.01510133 0.0015192683 -61.83994 -9.7345587e-14 
0.013137217 0.0027407491 -0.0056666142 -0.0025421901 21.363451 -7.5132758e-14 
-0.013615765 -0.00053102411 -0.012008996 -0.0035775528 70.905233 -1.6692568e-13 
0.010358304 -0.00093744043 0.0080446433 -0.0037712574 33.939087 -2.522087e-15 
0.0044494372 0.003058827 0.0077635874 -0.00077624672 106.55305 4.5285299e-14 
-0.0019568822 -3.7723624e-05 0.016856328 0.0032234024 -29.207202 1.6056094e-13 
0.010488839 -0.00077797889 -0.01208429 0.0025977327 46.670985 -3.5153758e-14 
-0.0070778425 0.0030440375 0.006044912 0.0014877225 -53.331471 -5.3028559e-14 
-0.012020685 -0.00028391556 -0.01568841 -0.002555235 -22.913706 7.3754493e-14 
-0.00096495579 -0.0036077238 0.000910099 -0.00021863221 103.81822 3.5767724e-15 
0.0028283001 0.0030823332 0.0077440316 0.0015547444 -117.21661 1.3239431e-13 
0.021342155 0.0013539167 -0.003649174 0.0025598124 -31.425768 -3.3611145e-14 
0.012086072 -0.0027010341 0.0078413421 0.0017815748 -97.067465 -9.9869169e-14 
-0.01913142 0.00078303863 0.011968803 -0.00043380876 9.9980807 1.6174249e-13 
0.019755081 0.0009758289 -0.013045472 -0.00031240654 71.619709 1.2410133e-13 
0.0041990942 -8.3323274e-05 -0.018001361 -0.002344993 79.69812 1.1395091e-13 
0.0088889761 -0.0013593464 0.0042227916 0.0045444461 70.121438 -1.3858259e-13 
-0.014951669 -0.0030391356 0.0057172041 0.00063356338 -56.939267 -5.5433939e-14 
-0.023722744 -4.5124988e-05 -0.0098973194 -0.00044970848 0.7871339 5.6397819e-14 
0.010100173 -0.0010873969 -0.016049164 -0.0013891405 32.981434 4.7761101e-14 
0.020205668 0.0026501004 -0.00056141837 -0.00023393441 -47.905405 1.0922028e-13 
0.02185102 0.0018833188 0.0068942787 7.394165e-05 90.079482 -1.0036651e-13 
0.0018170199 0.0031964028 -0.0034025195 -0.0024953685 77.38219 -6.2066449e-15 
-0.021251031 0.0015314849 -0.0041429239 0.0019381594 -61.585782 1.224103e-13 
0.018871475 0.002509704 0.0032240776 0.0015033269 -104.43681 5.8306712e-14 
-0.012734369 9.3062581e-05 0.010985046 0.004074311 -23.768747 -7.164595e-14 
0.0091051238 0.0030555163 0.0049328791 -0.0014632299 5.8013098 -1.5742801e-13 
-0.020589329 0.00075489532 -0.0048739678 0.0028246263 -87.109628 1.8206399e-15 
-0.010143817 -0.0023322913 0.0025818079 -0.0034808154 -60.6333 -1.4872934e-13 
0.00087703314 0.00041107045 -0.018314279 -0.0023366093 25.476103 1.6259447e-13 
-0.013446423 0.00139875 -0.0092082544 -0.0036263081 -12.207866 1.6982241e-14 
-0.013652276 0.00080014133 0.011565386 -0.0022926784 25.848081 7.8011504e-14 
0.0015381222 0.0012607104 -0.01061139 -0.0045313465 -20.043958 1.4310894e-13 
-0.01168459 -0.0029897344 -0.005044159 0.0011843071 26.22773 1.2311879e-13 
0.007144552 -0.0030637084 0.0088223646 0.0011633987 44.328504 -4.2315794e-14 
-0.013415212 0.0029078786 0.00041784865 0.0013348745 -60.628821 1.0126397e-13 
0.0086715534 0.0029924023 0.00092000454 0.0026067213 -44.765057 1.1217743e-13 
-0.0073572333 0.001406259 0.0087483034 0.0042436069 8.2184138 -3.3118548e-14 
0.017756939 0.0020529904 0.009885146 0.00044715769 -13.570845 1.6972375e-13 
0.016902529 -0.0012379106 -0.0062126861 0.0027798124 -54.653117 -1.0432573e-13 
0.00050754125 0.0022079347 -0.0091218176 0.0030643145 60.308582 9.1202985e-15 
-0.0049892245 -0.0034985734 0.0037298301 0.0011217204 58.105875 -2.5443296e-14 
-0.008301129 -0.00063237282 0.015632733 -0.0017816931 26.617185 6.5479814e-14 
-0.013995589 -7.9445008e-05 -0.016356589 -0.0011832906 -25.335567 6.7778967e-14 
-0.014693078 -0.0023222299 0.0056482081 0.0030904937 1.9904191 -1.3242533e-13 
-0.0026598373 0.0011895963 -0.018296408 -0.0011312736 89.441875 5.538863e-14 
-0.0050649881 -0.0012041162 -0.0059932412 0.0042380613 78.490595 -2.1610052e-14 
-0.015210958 0.0028688235 -0.0028114826 -0.00011105091 -61.841742 -2.8388031e-14 
-0.017611505 0.00027715674 -0.010730752 0.0022796714 68.487148 -4.268156e-14 
0.024126953 -0.00031343081 0.0076238438 -0.0011046905 98.887285 -5.5138541e-14 
-0.0037043357 0.0021113747 -0.00091542535 0.0041443338 -67.46643 6.9376701e-14 
-0.011264251 0.00060723907 0.015167977 0.0027350375 93.182984 1.216676e-13 
0.014608651 0.0015597862 0.0081013265 0.0034959044 8.4428488 -1.2743794e-13 
-0.0057171359 -0.00094898187 -0.017307088 -0.0017823363 -53.566658 9.8654232e-14 
0.023376264 0.0016145506 0.0057408873 0.0011223302 95.751525 -9.4690159e-14 
-0.01787889 -0.0027784344 0.0048507006 -0.00049671619 19.573905 -1.711321e-13 
-0.016232479 0.0019242145 -0.001293273 0.0030125481 78.303956 3.5421546e-15 
0.0031843587 -0.0031403729 -0.007559698 -0.00051913489 54.704926 1.4093983e-13 
-0.0052655685 -0.0005849229 0.0044161345 -0.004732412 -0.79023942 1.2285756e-13 
0.0099586668 -0.00069883964 -0.016950883 -0.00044219865 -92.049849 -4.6992212e-14 
0.002606568 -0.00019557582 0.0084853459 0.005054273 93.46607 -7.1471122e-14 
0.011811429 -0.00081547279 -0.0030570081 0.0042644571 57.319163 1.0474987e-13 
0.0089870541 -0.00013453717 0.00031609782 -0.0049522371 -108.18069 -4.7263558e-14 
0.012207423 0.0011212342 0.0020524437 -0.0043315677 -16.110336 -1.6795449e-13 
-0.019885977 -0.0022250996 0.0084156093 0.00092300854 90.422616 -1.0765222e-13 
-0.013771195 0.0026024476 0.0037506903 -0.0015723379 -51.116855 -5.9711269e-14 
0.00039157062 -0.0027794792 0.0069413794 0.0032087227 39.875605 -8.7599111e-14 
-0.00030422971 0.0014885731 0.014921979 0.0028569417 -67.063949 7.9581232e-14 
-0.014913876 -0.0018079921 -0.0014920941 -0.0036939255 31.799802 -1.0879253e-13 
-0.017908772 -0.00112558 0.013303873 0.0019193657 88.248917 4.5157617e-14 
-0.0054328813 -0.0034636648 -0.0016997808 -0.0011359637 63.647158 1.618515e-14 
-0.024046773 -0.00030844182 0.0089284319 -0.00053638405 5.3817657 1.5154208e-13 
0.0014043409 -0.00024425012 0.017357809 0.0029861009 24.751693 1.1199096e-13 
0.016413871 -0.0019535862 0.011416013 0.00072153391 109.58579 9.0240674e-14 
-0.0039972801 -0.0019718842 0.016431966 8.7278621e-05 -52.534954 5.6978063e-14 
0.00050909422 0.00055932009 0.0074692261 -0.004357719 -32.238725 1.3560722e-13 
0.0063820595 -0.0024617393 -0.0048741648 -0.003442919 11.115137 2.4011627e-14 
0.027286443 0.00013756935 -0.0010895727 0.00084257839 22.611698 -1.1405314e-13 
-0.012565952 0.0018252031 0.0016720425 0.003805845 100.47154 -1.1903037e-13 
0.020011697 0.0010012227 0.01209336 0.00045986018 99.996055 6.3800148e-14 
-0.025531952 -0.0011022939 5.0263061e-05 0.001687011 -6.5888247 -1.5285737e-13 
-0.014982361 -9.8484663e-05 -0.0088092412 0.0032974131 65.399959 -6.3317339e-14 
0.015721072 0.00090004404 0.0012702809 -0.0041165823 77.352463 2.9592316e-14 
0.0045815845 0.00023088728 -0.011478941 0.0035431138 24.218674 -7.8634568e-14 
-0.010797215 0.001371104 -0.012179517 0.0023888708 -77.265453 -2.733745e-14 
-0.01046628 -0.00056771178 -0.006950086 -0.0046878282 -33.885649 -1.0045652e-13 
-0.01746831 -0.0021380724 -0.0078048043 -0.0019782889 -3.2051923 -8.1513802e-14 
-0.021641565 0.0016105738 0.0017861594 0.002039299 -32.555783 4.3624887e-14 
-0.020253821 -0.00027762997 0.0087208813 -0.0022294954 -12.413088 5.8475272e-14 
-0.0022318624 0.00080536758 -0.00873561 0.0041227448 -99.601405 -1.6839338e-13 
0.0051213344 0.0011484333 0.017319261 0.00061894568 -67.031835 -1.1759861e-13 
0.0069690171 0.0016979625 0.014375778 0.0023977652 -94.328445 6.8303361e-14 
-0.0088234043 0.00092250069 -0.014386244 -0.003425486 13.040008 1.3697303e-13 
-0.021649212 -0.0012510131 0.01068086 0.0013153502 83.783238 1.347873e-14 
0.019122325 -0.0013241284 0.011768777 0.00097898962 -3.0548219 5.0447537e-14 
-0.0085595627 -0.0011496528 -0.016681591 -0.0012252654 10.483896 1.827695e-14 
0.00050733554 0.0022745673 -0.0069526872 -0.0040123296 -37.151139 5.6666508e-14 
-0.0018781122 0.0021239463 -0.0091836283 -0.0039213741 25.980585 1.1466368e-13 
0.024436114 0.0008674681 0.0068733956 0.001470088 -26.297102 -7.8908058e-14 
0.0061986817 -0.0029978403 0.010364017 0.00016210329 43.463695 -2.9032197e-14 
0.0083015154 0.0013041177 -0.017446452 -0.0012009901 34.496728 -6.4667388e-14 
0.0054443195 0.0017911524 -0.01252531 0.0024839413 -0.84570062 1.0137381e-13 
-0.017991778 0.0025864233 -0.001165931 -0.00022470972 -13.339519 7.4508155e-14 
0.00049345213 0.0012940726 -0.016842687 -0.0027254852 -52.217726 7.0685021e-14 
-0.012123631 0.0012759031 0.0072435323 -0.0032983121 14.399254 -9.3514436e-14 
-0.012547384 0.0024808006 0.0045948059 0.0025880201 44.047987 6.0077187e-14 
-0.0093906512 0.0018990664 -0.011074995 0.0023473505 -1.5453153 -1.5653555e-14 
-0.012934588 0.0021721804 0.0050888989 -0.0024849043 -28.265241 -1.2760611e-13 
0.022015731 -0.00077908585 0.002170833 -0.0027874869 111.98942 -9.951103e-14 
-0.019207454 -0.0023462805 0.0078485741 -0.0004655594 88.817527 4.8757754e-14 
-0.002767753 -0.002901087 -0.007345374 0.0016736438 48.592582 4.8779723e-14 
0.0055309945 0.0026065602 -0.0079049842 -0.0033498244 -99.693045 8.9571613e-14 
-0.012385473 -0.0031205287 0.007025618 -0.00025356027 -31.129211 8.3847215e-14 
-0.0070145984 0.00062323654 0.016728664 -0.00088126188 104.3824 -4.1432196e-14 
-0.026019534 8.2471505e-05 0.0038307966 0.0016919066 111.00655 1.4705582e-13 
0.001255656 -0.0022917075 0.015380443 0.0013172241 102.91851 -1.6819713e-13 
-0.020217852 -0.00060262416 -0.012579158 -0.00017380822 51.734211 -6.2895097e-14 
0.019947125 -0.00084378527 0.0099421862 0.0024519212 -62.441124 4.7516075e-14 
-0.019152734 -0.00026140356 -0.011091682 0.001739139 -88.070701 -9.6148356e-14 
0.010986162 -0.0011093684 0.0073499134 -0.0037506589 11.069681 1.1239908e-13 
0.019306962 0.0014845677 0.00971735 0.0020246683 -12.21705 8.3242969e-14 
0.0053602183 0.0023511297 0.0021900164 0.0039236464 2.9231743 8.8515329e-14 
-0.015566014 -0.00043688412 -0.011290388 -0.0034544739 -28.767097 3.4427241e-14 
-0.017499367 0.0015279556 -0.006121357 -0.0031085485 -70.075383 4.3299443e-14 
-0.0033461253 -0.00086771086 0.011868704 0.0044971962 82.632158 -2.7419308e-15 
0.0096301765 0.0032722477 -0.0070427321 0.00015615717 -99.255305 -7.9609035e-14 
0.0040500421 -0.00030108889 -0.015718321 -0.0035239888 0.095687117 1.6678834e-13 
0.013617029 0.0027035763 -0.00055817382 -0.0026205194 -58.313748 -1.7576389e-14 
0.0020926164 -0.0035197664 -0.00052978998 -0.00083933267 -30.954298 1.6711236e-13 
-0.023379996 -0.0017438046 -0.0053755028 0.00030129622 85.969162 -1.110311e-15 
-2.670706e-05 0.0026425422 0.011431831 -0.00036951641 -25.252345 -1.4224936e-13 
0.025686653 0.0015782726 -0.0019456379 -0.00034152217 81.876844 1.6730019e-13 
-0.012244868 0.0028629271 -0.0021657916 -0.0018823052 104.82935 1.2547437e-13 
-0.0064765058 0.0011194569 0.0026673135 -0.0045597609 -4.8881696 1.7060408e-13 
-0.016215149 -0.0030485989 0.00089705214 -0.00048785717 114.71364 -1.3465227e-13 
0.00052485859 0.0014345285 0.0061812967 -0.0041188461 -0.88706914 4.497957e-14 
0.018847136 0.0010018063 0.002231195 -0.0035084944 -47.15236 -4.0582311e-14 
0.0077976911 0.0032639898 0.0012806909 0.0018800852 -97.111195 -8.0859751e-14 
0.018564778 0.0015028075 0.00038700871 0.0033584955 109.46566 6.1060233e-14 
0.023766984 -0.00014185934 0.004987223 0.0024782001 15.248515 1.6425607e-14 
-0.0020397549 -0.0011353783 -0.016658679 -0.002385572 -44.756705 6.38203e-14 
-0.0045294416 0.0014752744 0.015620723 0.0021827929 71.369376 -1.1046086e-13 
-0.022548929 0.0014725309 0.0049908309 -0.00075890781 74.443701 2.4751946e-15 
0.010822481 -0.0015545085 0.011958248 0.003317163 69.095531 9.0928614e-14 
-0.016965517 0.00029520824 -0.010872705 -0.0033100322 -84.017644 -1.4446663e-13 
-0.010882437 -0.0030942879 -0.0042004941 0.0012082497 4.1046106 5.5983206e-14 
0.0015386903 0.00059628837 -0.018741749 -0.0017543395 -55.474163 -5.4113767e-14 
0.012440501 -0.0025153932 -0.0042547127 -0.0025703879 112.59248 -1.0501785e-13 
0.0059473813 0.0025425175 -0.013341092 -0.0018854434 88.730941 -2.756384e-14 
0.022608276 -0.0018365016 -0.0015742289 0.00024676406 -102.96309 -1.1863835e-13 
-0.0087710243 0.0015032314 -0.0142311 -0.002957182 2.8313697 7.8345533e-14 
0.0079071275 0.0030453573 -0.0073116964 0.0016025946 -18.454227 8.0656829e-14 
0.00097342692 -0.0015371464 0.016948206 0.0022643804 0.0084434437 -4.8161446e-14 
-0.02048246 -0.0016851683 0.00549105 -0.0021614663 -89.844991 -9.2490502e-14 
-0.0079223677 0.0025896277 0.0012496994 -0.0030285668 7.5075978 9.6125974e-14 
-0.0024337308 -0.003049117 0.0098198091 -0.0010825699 6.8929426 -7.3073532e-14 
-0.014388769 0.0024798341 0.0072117277 -0.00040122589 -22.161133 7.96617e-14 
0.017812016 -0.00067285787 0.0078908616 0.0035356579 1.6176163 -1.1865477e-13 
-0.018142501 0.0010387632 -0.011552406 -0.0023239814 23.924905 -1.6026574e-13 
0.001652412 -0.0027336061 0.012111872 0.002028083 6.5412716 1.1636198e-13 
0.0050472784 -0.002896641 -0.0025931042 0.0025090584 7.6431266 8.3822245e-14 
-0.012229455 0.00053448589 0.011198457 -0.002804853 -92.801125 -2.2084971e-14 
0.0082613034 0.0002396289 0.012957178 -0.0028750882 -35.873764 -7.1075937e-14 
0.0057423456 0.003128855 -0.0098700009 0.00036973654 66.91914 1.7760292e-14 
0.016679516 -0.0019195835 -0.0089929357 0.0006645164 -84.085936 -1.7712313e-14 
0.015574786 0.0029318579 0.0031074799 -0.00083327018 99.991505 -4.4631335e-14 
0.0012289229 0.0011118948 -0.018549041 -0.00064601972 -99.297875 -4.4482532e-14 
-0.015971489 -0.0021280818 -0.004980964 0.002508102 -4.5707798 1.0603566e-13 
-0.013223649 -0.0025289852 0.011649198 0.0011798287 -35.925894 1.3785246e-13 
-0.016132388 -0.0021681589 0.0027028128 -0.0029049133 -59.71447 5.930636e-14 
-0.0030031709 -0.00014424488 -0.0051629625 -0.0052384435 -42.582502 1.5764862e-13 
-0.0036051632 0.0034379775 -0.005933334 -0.00013822644 -90.608351 -9.3507999e-14 
-0.00082699044 -0.00072963545 0.0095481087 0.0048960299 -72.266012 2.773238e-14 
0.012380543 0.0031521835 5.7085728e-06 0.0015380833 1.5772394 1.5004176e-13 
0.011863458 0.00010258811 0.013808675 -0.0021902715 84.094885 -4.1004604e-14 
0.0058588573 0.0028016264 0.010273597 -0.000152782 -56.062774 1.0987337e-13 
-0.016443632 -0.0019374005 -0.0077188364 0.0020158509 -11.184125 6.5032567e-14 
-0.011023339 -0.00089652977 0.0067994074 0.0046525022 38.916588 -7.2014938e-14 
-0.003230733 -0.0035006841 0.0058781586 0.00057534781 -40.192414 -1.7458665e-16 
-0.013655011 0.0027625194 0.0052083385 -0.00020047781 79.590586 1.5636961e-13 
0.0076722022 0.00023388307 -0.0036105271 -0.0051187213 -52.765256 -4.3886254e-14 
-0.0025768166 -0.00031450573 0.007495977 0.0051414578 108.81209 1.4283092e-13 
0.0040251429 -0.0012566286 -0.0039556714 0.0044540834 -67.468985 -3.7377189e-14 
-0.023445725 0.0013269882 -0.0068006523 -0.000390588 107.91702 -6.1355488e-15 
0.004859672 0.0008295669 0.012158831 -0.0030945484 -72.146612 -1.1187042e-13 
-0.015482248 -0.0012368673 0.0031048886 -0.0038096006 -98.595885 3.3803974e-14 
0.0080259723 0.0016367416 -0.014829316 -0.0028885774 -11.958642 -6.5437313e-14 
-0.00085449716 0.0013742728 -0.017262328 0.00070687704 -49.854354 9.7204498e-14 
0.019766767 0.0013094045 0.0087506665 0.002470412 65.511045 -9.8625216e-14 
0.0076289202 -0.00024672095 0.002588263 -0.004865206 -44.392082 -6.8584495e-14 
0.0004997487 0.0012676655 0.013790777 0.0036016264 -0.36443122 -3.1347277e-14 
-0.0089921631 -0.0010570536 0.01178313 0.0041417954 26.058047 1.1914826e-13 
0.022110303 -0.00096505557 -0.0093903051 -0.00066617685 14.803872 3.4127832e-14 
0.02083155 -0.0019589176 -0.004778732 -0.0004388086 -8.1530198 9.3741929e-14 
0.017323876 0.00050140801 0.014593286 0.00070713421 88.302284 8.6055092e-15 
-0.010294276 0.0020397033 -0.0015064676 0.0037295819 27.42057 -8.231128e-14 
-0.018478624 0.0021948695 0.0025219077 -0.0014531458 80.121732 6.5657989e-14 
-0.00043485823 -0.0013144106 -0.0036374063 0.0045496 -105.75756 -1.5592001e-13 
-0.0058797512 -0.002010116 -0.00040378022 -0.0042714366 -38.043196 -1.3779178e-13 
-0.011191087 -0.00016619505 -0.0018868141 -0.0048241257 -72.137973 -3.6698238e-14 
0.0034089122 -0.0030536385 -0.0022432575 -0.0026140205 -30.80497 -3.7555188e-14 
-0.0054944342 -0.002768161 -0.010816203 -0.00060182437 -47.885483 -1.6677847e-13 
-0.01920531 0.0017703967 0.006635541 -0.0011389662 -87.035699 1.4810493e-13 
-0.012476983 0.002737732 -0.0069534147 0.0012273628 -99.264955 -5.8602246e-14 
-0.016602872 -0.0014619962 -0.0038496676 -0.0036963974 -54.382109 1.9556861e-14 
-0.010888309 0.0017237939 0.0066839258 0.0038480823 -76.682511 -1.6696262e-13 
0.0092455962 0.0030233392 -0.010221775 -0.00049817202 1.1425233 1.3874379e-13 
-0.0070376278 0.0011938492 0.012338154 -0.002528444 0.71976399 -1.5453794e-13 
-0.0076037853 -0.0028579937 -0.0051511649 0.0021732659 83.354986 -1.0994629e-13 
0.013327914 0.0023707435 0.0099512096 0.0016703463 -2.9116747 -3.7014249e-14 
0.0092068429 -0.0026235207 0.0029134455 -0.0028735679 60.441797 1.6554615e-13 
-0.014904512 0.0015330624 -0.013823574 0.00013475693 40.182843 -3.4852824e-14 
-0.015869128 -0.0019480168 0.0094801505 0.0028860924 -0.77711658 1.0507701e-13 
0.010907321 0.0013270147 0.012609905 0.0032271777 -104.58645 -1.6530429e-13 
-0.01555449 0.00050110281 -0.010632033 -0.0035843199 90.531881 1.2349709e-13 
-0.00049714922 -0.0022782411 0.0080711039 -0.0031991942 -21.761108 -1.0943992e-13 
0.019569171 -0.0013881131 -0.0039281264 -0.0029344992 -72.132214 9.5199002e-14 
-0.0030941448 0.0015086469 -0.0077849002 -0.0046074453 -0.78270075 1.5259853e-13 
-0.0086863554 -0.0014506945 0.0090947254 0.0043419021 19.11871 1.2347919e-13 
0.015169437 0.0018508601 0.0090522117 -0.0019905516 2.4504375 -7.9364006e-14 
-0.020529015 -2.6685975e-07 0.0046798263 -0.0030036644 36.457798 2.5746812e-14 
-0.0099613485 0.0015268705 0.01322039 -0.0013106135 8.1296888 1.1953227e-13 
0.0083256398 -0.0003238911 -0.0071165709 0.0041796285 53.684943 7.4198643e-14 
0.0043289078 -0.0014826203 -0.015586455 -0.0022171773 18.980211 3.2784671e-14 
0.0055342212 -0.0010123415 -0.017384154 -0.00064702667 -98.442065 -1.1836989e-13 
0.014107964 0.0020784421 0.011808345 0.0010458026 -109.73015 5.2354785e-14 
0.015205136 -0.0018774016 -0.009733041 0.0010160144 30.478518 -2.9211717e-14 
-0.021023576 -0.0022815029 -0.0030070029 -0.0012702577 0.97432806 -9.0912304e-14 
-0.018024859 0.00033490767 0.014118657 0.00055286631 47.701471 -1.0375979e-13 
0.00076918332 0.0024763114 -0.009693228 -0.0033976546 92.989147 -1.2472383e-13 
-0.010568339 -0.0032749059 -0.0015111748 -0.0013159001 -28.40593 1.5569772e-13 
0.014930029 0.00054129007 -0.0099184892 -0.0039704882 75.721362 1.7261662e-15 
0.0072990652 0.00014198061 0.017053219 -0.0010512096 114.67404 8.3730365e-18 
-0.018443833 -0.0018251143 0.011912316 0.00031371208 -30.314232 -2.7755782e-14 
0.0015641989 0.00039067175 0.016040003 -0.0019213384 -105.25756 -1.0396985e-13 
-0.00067604255 0.00065552977 -0.018981528 -0.00099341688 18.108732 1.666092e-13 
0.021302028 -0.00070615839 -0.0051411379 0.002415898 -85.035002 -9.7105253e-14 
0.017452418 -1.0593935e-05 -0.013900962 0.00068954758 75.721014 1.6294595e-14 
-0.021014079 -0.00094116617 0.0061776013 -0.0024954728 -52.91613 5.8911223e-14 
-0.014458178 0.0019510336 -0.012408897 0.00031122134 46.56269 3.2517222e-14 
-0.010549823 0.0028185613 -0.0063152424 -0.0021256855 -104.63123 -1.0258959e-13 
-0.024431874 -0.0017031335 -0.0030071875 -0.00085545042 -82.463795 -1.4688675e-13 
0.017750166 0.00022623086 0.01246101 -0.0015344942 -62.762436 -2.9368428e-14 
0.019149372 0.0026953354 0.0018048695 -0.00049820484 23.199234 5.6137376e-14 
-0.023493932 -0.0021336192 0.00048021142 -5.544524e-05 -79.708273 -6.0019101e-14 
-0.013804905 -0.0019125495 0.0028562448 -0.0035368113 -0.58787527 4.1652747e-14 
0.025116851 -0.00078073553 -0.00067500949 -0.0017988767 -72.916954 7.8159233e-14 
0.0015044954 0.0030782879 0.0087177921 0.00024299172 67.075919 1.6608431e-13 
-0.0032684058 -0.00033583695 -0.013580786 -0.0041939481 -91.398361 1.0062997e-13 
0.016021063 -0.0019732892 0.0062426865 0.0028088961 1.9509339 -2.6658331e-14 
-0.020447184 0.0015265312 -0.0057198431 -0.002319633 44.508758 -1.6634381e-13 
-0.021994929 0.00064760167 0.0057879361 -0.0021114537 -28.906763 1.2165116e-13 
0.0097951092 0.0028046912 0.0063122277 0.0023751006 42.102756 -2.3103147e-14 
0.0025091343 0.0035127023 0.00072580603 0.0011506379 -16.004791 1.3782348e-13 
0.01547147 0.0016897546 -0.0056442322 0.0031746068 115.95257 3.7293536e-14 
-0.018149222 0.00027654957 0.013042641 -0.00083304987 16.617766 -1.0072656e-13 
0.0072706415 0.0010738845 -0.012945786 0.0027789971 27.316226 -1.6019566e-13 
-0.0012664914 0.0032935485 0.0061997566 0.0005824908 114.73111 -1.0770829e-13 
0.019824582 0.0026006627 -0.00073743135 0.00098182333 -62.715049 2.5483542e-14 
0.019342012 0.0018019787 0.0026916878 0.0028705473 2.5208567 3.0495341e-14 
-0.0023823395 -0.0028155263 0.010524477 0.0024873368 -29.756715 4.7776178e-14 
0.0022663358 -0.0020372081 -0.014374637 -0.0016503166 31.160743 9.442354e-14 
0.013178018 -0.0029924944 -0.0022167884 -0.0001002154 68.637546 6.7666493e-15 
-0.007397854 0.0027797165 -0.0033035098 -0.0029376608 1.9299502 -8.6563155e-14 
0.017789796 0.0019888363 0.0062096642 -0.0020491055 78.753872 1.2453644e-13 
-0.004692992 0.00017875873 0.012680633 -0.0031560241 11.742916 -1.7097956e-13 
-0.019639321 -0.0024630342 0.0055441725 -0.00077409991 51.695534 -3.522621e-14 
-0.0009714599 0.0018375666 -0.016532633 0.00040395898 69.955418 -7.561993e-14 
-0.019022513 0.0012291428 0.0074696563 0.002802137 -10.154698 -1.0531459e-13 
0.010752851 0.0022104284 -0.0048160995 -0.0037896449 34.276923 4.8995327e-14 
-0.0088904008 -0.0034729522 0.0031539461 0.00040707679 88.388936 -5.6634737e-14 
-0.014454804 0.00057005627 -0.0072331801 0.0036084965 -116.37444 2.3684891e-14 
0.015337984 0.0029492174 -0.0050789991 0.00086690405 27.141784 -4.5832241e-14 
0.021294859 -0.00061969853 -0.01116463 -0.00024796019 44.351108 -6.2918611e-15 
0.014795644 0.00027084743 -0.015742203 -0.0018489683 -35.514199 -1.4640577e-14 
-0.0059664436 -0.0011859544 0.0001251317 -0.0048339977 59.94977 1.2839638e-13 
-0.017545847 -0.0016277194 0.011259315 0.0024055111 97.464905 2.7639041e-14 
0.002264157 0.0012093057 0.0096909134 -0.0035806316 -31.315773 1.1634809e-13 
0.023323709 -0.0016311038 -0.00044746501 -0.0010692012 39.509057 5.0476791e-14 
0.022509985 0.0016353681 -0.0075135447 -0.0016320176 -39.996426 1.6615495e-13 
0.012572602 -0.00052156947 0.0040527103 -0.00430051 9.0785737 1.2829007e-13 
-0.017939847 0.00061219094 0.0070311247 -0.0028904213 -64.044981 -1.1901835e-13 
0.020678474 0.0023315166 0.0025903041 0.0013591048 -29.718497 -2.8610754e-14 
-0.0057993244 0.0005964924 0.016866389 -0.00097269938 106.44813 5.6360153e-14 
0.0059857233 -0.0016768727 0.0036323723 0.0045125376 -3.8777178 -2.1307536e-14 
-0.0010322006 -0.0022953116 -0.0049917219 0.003436533 117.209 2.829139e-14 
-0.013439394 0.0013007293 0.0002532477 0.0041511927 86.225296 6.7948556e-14 
-0.0019173617 -0.0024703552 0.013691723 -0.00092909954 47.800714 1.0702695e-13 
-0.0189091 0.0016972728 -0.0025070475 0.002628553 90.327825 1.2905401e-13 
-0.013984905 0.0012719397 0.0089323082 0.0035801122 -9.7601046 -1.4990024e-15 
-0.017739609 0.00048970029 -0.0041549493 -0.0039135592 -52.421148 4.6684594e-14 
0.016384388 -0.0003921634 -0.01330753 -0.0025721359 79.739714 -2.2496251e-14 
0.0094094021 -0.0015785853 0.0021857755 0.004332465 -18.355567 3.7456739e-14 
-0.02157141 0.00084199158 -0.0069492375 -0.0025848202 -14.412782 -1.4236777e-13 
0.00026343305 -0.0028267793 0.0026485883 0.0033052198 -46.183664 -2.123548e-14 
-0.025810716 0.00095840627 -0.0037228612 -0.00018900065 -19.162201 9.7238501e-14 
-0.019767068 -0.0018477367 -0.0085018391 -0.0014803419 10.378148 -1.5024424e-13 
-0.00052991479 0.0028185465 0.0011448292 -0.0031001522 -100.70493 1.4183682e-13 
-0.00025971103 0.0021396499 0.014349631 0.00019476443 59.586323 -1.1808099e-13 
-0.021327479 0.0020022553 0.0024268094 -0.00043248476 75.018748 -4.0074806e-14 
-0.015515239 -0.0018555877 -0.0012261719 0.0034699735 68.722443 -1.3800608e-13 
0.014884422 0.00051974895 -0.015841545 -0.0016608707 65.728851 -1.6465894e-14 
-0.0063216324 0.0033549456 0.00086177706 0.0011532671 100.82043 2.1170553e-15 
-0.0029272186 -0.0011683861 0.014478097 0.0037656049 -0.96073352 -1.424968e-13 
0.0044851737 -0.0015748993 -0.0020719782 -0.0046737905 -60.990512 -7.2609121e-14 
-0.013030292 0.0015114379 -0.00070850949 0.0039957337 -39.371495 8.0362502e-14 
-0.011041497 0.0016582102 0.0031739503 -0.0037324031 48.256492 6.9866591e-14 
0.014912511 0.0019001705 0.00042487398 -0.0035720467 -51.209191 -1.1901958e-13 
0.001360263 0.0017811498 0.013128748 -0.0018594501 -19.00848 -1.1475772e-13 
0.026771733 0.00034548361 0.0037567534 -0.0008051707 62.533474 9.3855777e-14 
0.022100574 -0.00067322636 -0.0006806844 -0.0030026738 -106.89461 -9.5949243e-14 
-0.00063728851 0.00019750229 -0.0021396331 0.0050959721 -101.36725 -6.3761652e-14 
-0.017756221 0.00014412752 -0.006907372 0.0032546063 -72.452297 4.1780263e-14 
0.010339933 0.0014386847 -0.010869984 0.0029088173 62.846815 -8.5943385e-14 
-0.016393537 0.0024387351 0.0037992378 -0.001193349 -74.625794 6.772561e-14 
0.017638204 -1.1042757e-05 0.0070013285 -0.0032657767 -9.7126087 1.1317534e-13 
0.016337481 0.00010168435 0.006819758 0.004077876 14.887275 -1.1219355e-13 
0.018809219 -7.6580269e-05 0.0048791096 -0.0034183149 -9.1334387 -1.6013358e-13 
-0.025050786 0.0011702845 0.0010788323 0.0010872699 -116.86054 3.6692908e-14 
-0.0042359828 -0.003024109 0.0049815365 0.0028315658 -91.594579 8.6912306e-15 
-0.0028998134 0.0010300023 -0.010350918 0.0036882514 -3.3372395 -6.5983839e-14 
-0.010905609 -0.0031411532 0.0082034136 0.00041146866 -2.3561203 7.3502924e-14 
-0.01354613 -0.00027246855 0.005725696 -0.0039941162 -22.483424 -9.507936e-14 
-0.0065321908 0.0028325801 -0.0081769124 0.0017990128 7.1777058 1.4891759e-13 
-0.022863168 0.0014947844 -0.0066874807 -0.00043404896 0.54128167 7.8757144e-14 
-0.022520445 0.0016240345 -0.0058264135 -0.00085231046 -42.514154 -1.1066754e-13 
0.023150091 0.0019267653 0.004536315 0.00037460445 -13.458665 -5.4315361e-14 
-0.017803824 -0.0022311628 -0.0028896778 -0.0025763901 11.015804 -9.7686955e-14 
0.013386317 0.0013796457 0.004072223 0.0041883253 56.176886 8.8890118e-14 
-0.0039107678 0.0035263462 -4.8987434e-05 4.1131967e-05 109.38674 -8.9998951e-14 
0.00023216523 -0.0032345973 -0.0013723127 0.0020777184 64.878444 -1.3905892e-13 
0.0069403528 -0.0033064433 -0.0026535676 0.00058713127 64.608716 -4.1555646e-14 
0.0086670569 0.0023637488 0.0065692691 -0.0027511877 82.799165 3.2151968e-14 
-0.0062080026 -0.0021208587 -0.011613002 -0.002869149 -36.526842 -1.4155093e-13 
0.020583468 -0.00094739645 -0.010951745 -0.00064316577 -104.59162 1.0915991e-13 
0.0032880824 0.0028186906 -0.012128745 0.00067147273 -40.470268 -7.4151399e-14 
0.019892994 -0.0020747109 0.0010456162 -0.0016766471 -7.1372278 4.0947318e-14 
0.025249158 0.00090275941 -0.0063602574 -0.0014105917 -92.020695 1.5507857e-13 
-0.0025585161 -0.0034656141 0.001346883 -0.0014544966 114.79237 9.8146378e-14 
-0.01651864 -0.0024037002 -0.008641125 -0.00056550216 -61.060371 4.1783759e-14 
0.012276426 0.0020565257 -0.014048234 0.00025176276 -64.757533 8.3068311e-14 
0.0086732667 0.0024836082 -0.011998057 -0.0023968472 91.882615 2.6570327e-14 
-0.0025219134 -0.0016630656 0.012446576 -0.0027445727 85.196561 -1.3725128e-13 
0.002222982 0.00081147986 -0.012112918 -0.0044955521 -75.640178 -1.3178903e-13 
0.016433449 -0.0019621936 -0.0061982093 0.0018267832 20.773546 6.1504038e-14 
0.021385018 0.00051984321 -0.0060910915 0.0025530845 -48.001383 1.249611e-13 
0.0012987741 -0.003156921 0.002830999 -0.002360925 68.816872 -1.7197815e-14 
-0.01262238 0.00037570147 0.013160533 0.0034672366 94.695555 -1.231121e-14 
-0.0037198019 0.00041174458 0.012326101 0.0044354914 44.646842 -6.8429542e-14 
0.016240448 0.0022229359 -0.0063211187 0.0022784676 79.532392 -3.9039071e-14 
0.0096385569 -0.001465541 -0.0099747892 0.0027398964 -111.40767 1.6046596e-13 
-0.024120479 -0.0018390662 8.9086493e-05 0.0011271827 88.042781 -3.9312885e-16 
-0.01581909 0.00025729357 -0.0066295836 -0.0041436652 115.6519 1.5059411e-13 
0.0040823281 0.0029692369 0.0029868586 0.0028840914 -43.371002 1.5929972e-13 
0.012934534 -0.001727372 -0.0014814992 -0.0038638054 -64.351876 1.6007708e-13 
-0.0008363684 0.00099421507 0.00082457814 0.0050687858 66.624846 -1.1647348e-13 
0.014448989 0.00090469951 0.012853523 0.0029427094 -69.476166 4.5670712e-14 
0.0049628127 -0.0029992251 0.0090145232 -0.0011780934 -6.7870148 -1.0102727e-13 
-0.0083547812 0.00018123623 0.017291692 0.0022656668 80.322543 1.2100226e-13 
0.019727376 -0.001427698 0.0091674783 -0.0012603652 -81.40057 5.3090711e-14 
-0.0025468208 0.0026963488 0.0093856346 -0.0013332349 -103.29356 2.3112497e-14 
-0.020024213 -0.001994604 0.0070767753 0.0021613437 -25.36657 -1.2473613e-13 
-0.0019877748 -0.0017725594 0.015057813 -0.001589912 -11.311745 1.2224344e-13 
-0.020329885 -0.0019245566 -0.0070531516 -0.001621787 70.035323 -2.4203821e-14 
-0.0027944933 -0.0032122304 0.0099404466 0.00019151454 -64.334561 -8.1113698e-14 
-0.0066937333 0.0026524744 -0.012757693 -0.0006281358 -20.792884 6.2152601e-14 
-0.001088206 0.0015421636 0.016272559 0.0016576011 84.523674 1.3502303e-13 
0.0077808716 0.0014451215 0.015032485 -0.00097838055 15.471038 -7.5686792e-14 
0.0041542228 0.00026624179 -0.0094135537 -0.0049408659 102.21164 1.5843808e-13 
0.020992233 0.00021216436 0.010538673 0.0022619583 -69.720123 -8.6551575e-14 
-0.0028735846 -0.0034133751 -0.0031111086 -0.0013702489 62.557094 -5.5807891e-14 
-0.010034992 0.0023536858 -0.0089738722 -0.0029003076 64.186214 -2.9619329e-14 
0.0038302819 -0.0003595138 0.011479609 -0.0035742038 116.76775 1.38308e-13 
0.0032449506 -0.0020468508 -0.01449921 -0.0012004233 80.435261 -5.0434229e-14 
0.0074870139 -0.0022771326 -0.0038359041 0.0032523868 66.031675 1.365818e-13 
-0.0043424188 -0.0024123256 -0.006995247 0.0028186637 55.928411 -2.8531202e-15 
-0.0017527264 -0.0021257442 0.016226624 0.00099709987 -7.8684208 5.1062392e-14 
-0.0020914662 0.0015595842 -0.012454705 0.0028158586 87.894951 -1.4405118e-13 
0.021704658 -0.0005270323 0.0062787005 0.0028549041 78.852239 -5.2585262e-14 
0.0086345162 -0.0010118653 -0.015292603 0.0011489234 1.4449241 6.8312902e-14 
-0.019566801 -0.00037064112 0.0012891689 0.0038004551 -6.0490227 -2.6414489e-14 
-0.0008736206 0.002974058 -0.011681496 -0.0010916633 -26.258025 8.3702928e-14 
-0.0010028115 0.0028199023 0.002641708 -0.002904062 1.2139036 -3.6613253e-14 
-0.019226913 0.0018850761 0.0034537252 -0.0017802973 -73.231744 1.079197e-13 
-0.021667516 -0.0001856147 -0.0096677593 0.0014943632 -94.849265 -3.6575072e-14 
0.011847649 0.0028092099 -0.0089391831 0.0011309266 107.64933 -4.8516533e-14 
0.007024585 0.0018869329 -0.013687285 -0.003092904 -23.956494 -6.6730412e-15 
0.015542768 -0.00024942321 0.0023351402 -0.0041917378 41.391121 -7.3454657e-14 
-0.023418588 0.001101889 0.0058557021 0.0015219356 -71.857907 1.586009e-13 
-0.0087408543 -0.0026588592 -0.0058781086 0.0023533782 111.51228 -7.4908843e-14 
-0.011723873 0.00081476741 -0.012823492 0.0024267386 -74.030929 2.8836447e-14 
-0.016363057 0.00032861828 -0.00053085759 -0.0041545799 -49.840412 -8.3926071e-14 
-0.0037237827 -0.003136151 0.0022943538 -0.0024792316 -96.055915 -1.3410184e-13 
-0.010209288 0.0020600873 0.005298997 -0.0030310238 -10.393988 7.962748e-14 
0.0071491503 -0.0028162457 0.011252011 0.0011058837 -45.006972 -1.5992912e-13 
0.0070297077 -0.00058047973 0.0098905549 0.0046561086 -112.82506 5.05188e-14 
0.010428255 -0.0011544618 0.0067138951 -0.0038852299 0.45537693 8.9010518e-14 
0.014059875 -0.0002300748 0.01239288 -0.0024025287 -83.752908 -5.2709271e-14 
0.020030168 -0.0018566311 0.0069101264 -0.0010203721 113.45541 -5.6692562e-14 
-0.016731215 -0.0028736801 0.0010873325 0.0014027358 -10.804531 -9.4708455e-14 
0.0171663 -0.0018916325 -0.0096030962 -0.00076030361 -42.134799 1.5385649e-13 
-0.011846339 0.00083997806 -0.012817559 0.0023983204 48.753845 9.7222808e-14 
0.020689457 0.00036932323 -0.012623859 -0.0012789338 48.10064 1.6442507e-13 
-0.0088474187 0.0020188581 -0.00039666084 -0.0038870695 -104.94032 5.5183529e-14 
-0.0012743198 0.0016711967 0.0023569803 0.0046852008 -26.663518 -7.8509437e-14 
0.016228103 0.00011820072 -0.0071769978 0.0033911393 52.061418 -8.822746e-14 
0.018093884 -0.0024284417 0.0044456721 0.0010226489 -10.319262 -9.3276976e-14 
0.0057825843 0.00010418821 0.018390904 0.00010941645 106.74125 2.9030425e-14 
-0.0049908276 -0.0012128973 -0.013382016 0.0023799526 -37.047303 -1.1208727e-13 
0.020438339 0.00037944505 0.0080977448 0.0030566789 38.58491 -1.5122948e-13 
-0.019992583 -0.0018358254 0.010186124 0.0013357927 104.42391 1.6811032e-13 
-0.017450454 0.0026252655 -0.0022962956 0.00045049168 -31.484073 5.7567957e-14 
0.021412462 0.0020546574 -0.0061603508 -0.0016081671 -8.2630516 -1.08691e-13 
-0.027436292 -0.00063787196 0.0025578106 0.00023002658 -92.333791 -8.9387319e-14 
-0.0049226828 0.0034829588 -0.0014720871 -0.00059357721 -73.306708 8.804794e-15 
-0.009816254 0.0032219718 -0.004744624 1.0534797e-05 -90.767228 4.6542285e-14 
0.006264035 0.00055095038 -0.011400733 -0.0045560073 -19.989846 -6.7605969e-14 
-0.013388567 -0.0016256102 0.0023523845 0.0041279383 22.390799 -1.5806934e-13 
0.0227892 0.0013694707 -0.0095338034 -0.0006284574 -1.5104677 -3.1980257e-14 
-0.026185073 -0.0014331997 -0.00030572803 -4.4370049e-05 -24.647096 -2.9897956e-14 
0.014370594 0.002075103 -0.008806678 -0.0031235763 -95.573955 -6.8725563e-14 
0.000710975 0.0026027548 -0.013518196 0.00058627607 -117.08719 9.6899815e-15 
-0.0039453726 -0.002294125 0.0066548302 0.0039835782 -109.6682 -1.1387346e-13 
-0.014448053 0.001213762 0.0092405743 -0.0025189982 -98.427375 -1.307172e-13 
0.020659756 0.0016442939 0.0092719696 -0.00016928387 -0.99382512 -1.6581356e-13 
-0.019637956 -0.0026130071 0.0047458722 0.0006309635 -52.299146 -1.3119027e-13 
-0.011640823 -0.0014610982 -0.0011976574 -0.0043443666 -112.61086 -7.9280996e-14 
0.0136193 -0.0015626154 -0.0056268821 -0.0037731088 0.67845813 -1.252598e-13 
-0.0040433075 0.0016603531 -0.017115516 -0.00019958154 -33.345116 5.9715484e-14 
0.0068872387 -0.0011413773 -0.010419051 0.0031784799 31.416708 -1.0118827e-13 
-0.018656818 0.00034514644 -0.0017308444 0.0037550693 -104.2864 1.0429082e-13 
0.001829397 -0.0015151016 0.016184702 -0.0012621338 114.70755 -1.0307056e-13 
0.01132522 0.00068638478 -0.016550059 0.00065196329 -70.84565 -1.0573237e-13 
-0.017103669 0.00055577239 0.010871726 0.003152072 66.883945 5.2119526e-14 
0.015680203 0.0029974663 -0.0054374504 -0.00057468519 -14.900619 -5.6517613e-14 
0.00067896299 -0.00066741195 -0.018417694 -0.00062590838 -76.349089 -1.1679695e-14 
-0.0011377342 -0.0013257008 -0.0055836556 -0.0048494037 104.75317 2.8937026e-15 
0.023556939 -0.0013324697 -0.0034010721 -0.0014942032 43.0311 -4.4807128e-14 
-0.017819936 -0.00044689307 -0.012343941 0.0014884199 -12.438988 8.293204e-14 
-0.0096729039 0.0014066097 0.0051881477 0.0043996825 90.582002 2.3997487e-15 
-0.014237239 0.0020351285 -0.0070834342 -0.0029984676 84.826908 1.2847636e-13 
-0.013292882 0.001360703 0.0016911045 0.0041517455 73.292131 1.4542843e-13 
0.00028734271 0.0007561555 -0.015500002 -0.0036872514 49.121936 1.6900797e-13 
0.0095793054 0.00081988313 -0.011929421 -0.0041631726 10.849019 -9.4720213e-15 
-0.0018607777 -0.0013520281 -0.0087183069 0.0037001159 -40.87888 -1.0524791e-13 
0.01751707 0.00054962195 -0.01211551 0.0017343101 -69.858547 -1.6989742e-13 
-0.018557946 -0.0012114601 0.012918102 0.0017414098 9.3950356 1.672493e-13 
-0.024870681 0.00077840386 0.0047064022 -0.00092335023 69.226304 -1.4598723e-13 
-0.0026710915 -0.0030106499 -0.00899379 -0.00115837 -1.699843 -6.8505267e-14 
-0.0054143192 -0.0024083445 -0.0028219122 0.0035255916 -19.836601 -1.3082061e-13 
0.0045944091 0.00084408215 -0.014542347 -0.0038619757 -72.094247 -5.2243556e-14 
0.018052471 0.0023072392 -0.0082266643 0.0010426886 107.64108 6.3127068e-14 
0.0028106457 -0.0025271098 0.0063354633 -0.0030955029 -1.6006573 -5.9102734e-14 
-0.020481964 -0.0016715017 0.0079701342 -0.0015470259 37.419135 -1.5510282e-13 
0.019273813 -0.0016962439 -0.0083321838 -0.001342256 -100.51288 -8.6723977e-14 
0.0095521534 -0.0022951041 0.0072175188 -0.0027534157 37.102199 -3.8352273e-14 
0.025242878 -8.7737929e-05 -0.0069761131 -0.001348665 77.876354 1.4838083e-13 
-0.019246214 -0.0013265389 -0.0095965475 0.0015034447 115.66159 -1.5438626e-14 
0.0036885554 -0.0020806258 0.0085089268 0.0039811802 -57.573434 -1.0476497e-13 
-0.016054225 -0.001953752 0.0040372674 -0.0030408807 -2.721827 -1.5619904e-13 
-0.021437251 -0.0014515019 0.0092854509 0.0019007235 -25.555589 6.1796956e-14 
0.027518446 0.00075410717 -0.00076169934 -0.00018470475 -94.834925 -3.4353962e-14 
-0.013752423 -0.0013583307 0.00059480328 0.0042241489 38.709119 1.3862814e-13 
-0.0050997259 -0.0024302723 -0.006404072 -0.0035451326 -29.857233 -4.4914478e-14 
0.01347898 0.0018961728 -0.012311983 -0.0026481958 -67.764559 -5.3514888e-14 
0.015288364 0.002601046 0.0065943865 -0.0010683042 8.3738088 1.6655098e-13 
0.0049617286 -0.001353609 0.0023669127 -0.0046254598 -2.6357875 -1.6567875e-13 
-0.00037416027 -0.00062278939 -0.01813328 0.0001666819 -54.163706 1.6166749e-13 
0.025893467 -0.00051710511 -0.0043618249 0.00066985835 -26.166694 -1.0375584e-13 
-0.0087214549 -0.0030417623 0.0083533385 0.0019056752 79.694299 1.2182899e-13 
-0.010229963 0.001164027 -0.011762331 0.0027616426 -19.211138 -1.6054633e-13 
-0.003983592 -0.0032965998 -0.0048970173 -0.0014917728 38.760628 -3.7278818e-14 
-0.016130642 0.0016283231 0.0088260897 -0.0017062917 43.436922 -4.2609613e-14 
-0.015359827 0.0002232661 -0.001860391 0.0042582693 -12.107001 9.1640366e-14 
-0.022252538 -0.0016097365 0.0083693735 -0.00063243887 67.016285 1.6704707e-13 
0.011356316 0.0014528439 0.0017199739 -0.0042365813 -46.743512 -8.0412497e-14 
0.022144367 0.00070937572 -0.010178649 -0.0019683413 32.647129 -1.4555601e-13 
0.014385293 -0.001334732 -0.0056720805 0.0032336372 57.431346 -1.1582514e-13 
-0.0058846031 -0.0020867277 0.011895721 0.0034170827 -32.425413 -4.0624778e-14 
0.015258198 -0.00035029953 -0.010830793 -0.0036496071 -20.24204 -8.4720547e-14 
0.013119183 0.0029763008 0.0011983121 0.001967239 -96.210145 -1.7220787e-13 
-0.019906315 -0.0011498539 0.0048674493 0.0034103953 -15.335602 8.5624236e-14 
0.014602668 0.00023884954 0.015901604 0.0014384231 -93.047379 1.5294053e-13 
0.0025432585 -0.0013459586 0.00031051556 -0.004827985 8.7847906 -1.0225162e-13 
0.025550958 0.00019322568 0.0029392987 -0.0018168736 -94.168925 4.0678066e-14 
0.011225933 -0.00315079 -1.6552309e-05 0.00067840393 -94.833295 -1.6701847e-13 
-0.015943507 -0.0015074688 -0.0095886479 -0.003008265 85.018637 -2.9578218e-14 
0.011674999 -0.00066931337 -0.0083708144 0.0035226749 -72.722609 -1.1123919e-13 
0.0079301079 0.00025667197 -0.0013309164 -0.0050775112 69.277355 -2.766617e-14 
-0.0058609067 0.0015525109 -0.016894875 -0.0016494126 53.93098 1.1901035e-13 
0.022613059 -0.0011408059 -0.0070493888 0.00070771564 11.128954 -2.2905778e-14 
-4.1279661e-05 0.00011894203 0.014315287 0.0041157912 117.42816 -2.9667954e-16 
-0.0096238949 0.0031143224 -0.0001815685 -0.0015140138 -63.822861 -5.1536375e-14 
-0.0089590345 -0.0015876494 0.012783337 0.0035433325 12.056731 -1.5661426e-13 
0.018612301 -0.0014737779 0.011278756 -0.00046341393 1.4542739 -7.9687301e-14 
-0.021489985 -0.0012677827 0.0099071574 0.0018892929 39.985632 1.1829792e-13 
0.0048984658 -0.0029310094 0.010152297 0.0017841142 113.57213 -1.723002e-13 
-0.010810077 -0.0033518179 -0.0014318091 0.00048649633 -90.34019 1.4303744e-13 
-0.012496332 -0.0016015275 -0.011325272 0.0019960529 23.704243 6.4273314e-14 
-0.0051018994 0.00056270097 -0.0082495435 0.0041931878 -12.034188 -7.5592988e-14 
-0.018670454 -0.001652915 -0.010498323 0.00051918042 -55.052225 -1.7112639e-13 
-0.016370486 0.00085108698 -0.003047747 0.0038152312 -39.592627 1.1073709e-13 
0.014933092 0.001207079 0.012324224 0.0027286899 105.90792 8.604755e-14 
-0.0033868512 0.0020312787 0.0093301221 -0.0027250264 -4.8464856 -4.8003044e-14 
-0.012261434 0.0014230454 0.00035961563 0.0041982662 -4.6672326 -7.2387985e-14 
-0.023869876 0.0014195442 0.0033836719 -0.0004238959 19.038389 8.2746933e-14 
0.0016375192 0.00036869296 0.010179308 0.0048415696 66.656959 3.6220925e-14 
-0.0071660186 -0.00091234647 -0.016193946 0.0010699605 27.26286 -1.2364354e-13 
-0.011256201 -0.0015415162 -0.014423264 0.00052770284 -84.475925 -1.2675956e-14 
-0.0021430107 0.003314219 -0.0064215426 0.0011127781 97.978625 1.1483174e-13 
-0.010122833 0.0020489714 0.01278452 0.00026935962 -89.837162 -4.8003834e-14 
0.023063026 -0.0012648154 -0.0044606515 0.0011801403 115.39227 -7.0601524e-14 
0.018638594 -0.00041059105 0.002674662 -0.0036567841 50.76376 -1.5831031e-13 
-0.0034913045 0.0019531946 -0.014139637 -0.0029192961 67.203793 -1.6648109e-13 
-0.016380242 0.0014454392 0.0091520128 -0.0018310557 73.496941 1.0769104e-13 
-0.0039930475 -0.0033382525 -0.00078238288 0.0017994096 -34.466003 -1.3762162e-13 
-0.022294847 0.0010180581 -0.0025554969 -0.0025701168 -6.4278527 1.1153836e-13 
0.023652595 0.0019515632 0.0016509204 0.00090076841 -16.79358 9.0170723e-15 
-0.022205965 0.00062115577 -0.010747728 -0.00091866813 -97.864525 -6.1514677e-14 
-0.00034650694 -0.0019186321 0.016791932 0.00024025378 56.582741 3.5570322e-14 
0.015013781 -0.0018476767 -0.010262791 -0.0019665767 -115.76083 -1.1328457e-13 
0.015151273 -6.6458978e-05 0.014795022 0.0023164639 29.252617 -2.1858917e-14 
-0.011782911 -0.0030950774 -0.0036069033 -0.0015435484 29.659041 3.3361687e-14 
0.015043638 -0.00095274886 -0.0039977214 0.003689771 -67.185664 3.8039345e-14 
0.010357294 0.0033611077 -0.0035558189 -0.00098447435 -2.8401139 -4.9488737e-14 
0.006953495 -0.0024619469 -0.0083205712 -0.0028388132 -67.292863 -7.9556797e-14 
0.0161244 0.00084161413 -0.015252337 -0.0013467551 -83.310503 5.7658164e-15 
-0.012569992 0.00056569361 0.0043451419 -0.0041422409 -95.148375 8.5622827e-14 
-0.016630932 -0.0029968647 0.0037089918 0.00020800962 -79.066497 1.081894e-13 
0.011537198 0.0023141965 0.0094908404 0.0024962833 17.312836 2.3581152e-14 
0.010888718 0.0030897924 -0.0087734565 -0.00054515506 -22.370533 1.4706534e-13 
0.015942772 -0.001887613 -0.0053544563 -0.0029478213 73.7431 1.82896e-14 
0.0020991561 0.0024021189 0.013138507 0.00014498729 -58.307057 7.3290966e-15 
-0.0030766566 0.0026037859 0.0080425108 -0.0020734469 -60.652403 -3.6080615e-14 
-0.00090821136 0.0011600537 -0.0062242462 -0.0049668489 51.080931 -3.0415085e-15 
0.010545942 0.0024120036 -0.013144665 -0.0015799005 -34.062077 1.5693401e-14 
0.00091904972 -0.00021109859 0.011660367 -0.0035922612 56.88533 -7.6473143e-14 
-0.016605468 0.0025448593 -0.00082036191 -0.0015036542 1.4605989 1.5728625e-13 
-0.0041003018 -0.0034417448 -0.0037773836 0.00037939574 -33.319675 -9.9952251e-15 
-0.0023586711 -0.0018649877 -0.00053721474 0.0044168784 48.917244 -7.9842423e-14 
0.0098106263 0.0021193422 0.011674574 0.0024135453 -30.357139 1.6738557e-13 
-0.00081924698 0.0010557535 -0.0014578889 0.0049377861 73.006918 -1.2528074e-13 
0.013657913 0.0010504304 0.0031747035 -0.0041108347 -1.3301817 1.217724e-14 
-0.010180305 2.0928028e-05 -0.0055326261 -0.0048626623 51.618344 -6.1627895e-14 
0.0028805391 -0.0029563101 -0.0064002362 0.0016549917 -97.962645 -1.5974749e-13 
0.011138277 0.00044541089 0.014053655 0.0033779289 33.744323 -1.4884995e-13 
0.0024253336 -0.00067587707 -0.0045578673 0.0047078501 -114.77216 2.8947354e-14 
0.020153252 0.00048452949 -0.010840188 -0.0026197375 -23.374022 5.9474816e-15 
-0.0044420496 -0.0018918893 -0.0093977635 -0.0038778854 -70.221086 2.400734e-14 
-0.014552464 -0.00016017558 -0.0053961185 0.0039787326 47.408287 6.8595879e-14 
0.015430709 0.0015282332 -0.010545868 0.0022047769 -34.311478 3.0941914e-14 
-0.0073631443 0.00046482878 -0.012857862 0.0029872645 -3.1294708 1.0806064e-13 
0.015789166 0.0021191339 0.0020591328 0.003195527 -105.26091 9.8072687e-14 
-0.0038662045 -0.0024570042 -0.010704042 -0.0025768065 75.416529 -6.0026379e-14 
-0.013015822 -0.0027603377 0.010395256 0.00013255915 -95.913175 -6.5433363e-14 
-0.0039579521 -0.0024210409 0.0130508 -0.0013589533 -65.629208 8.1127688e-16 
0.0048539685 -0.0033723937 0.0013026739 -0.0014060833 72.225839 -7.1923221e-14 
-0.011863948 -0.002631175 -0.00074348343 -0.0029925638 -83.832822 -1.0412537e-13 
-0.020539702 -0.0017712192 0.0096394145 0.0015324574 -65.318365 -8.0893463e-14 
-0.025677648 0.00015695735 -0.0059005904 0.00086966335 44.26528 -1.0440164e-13 
-0.0060742041 0.0024724296 -0.013704936 -0.001276416 -38.269542 -3.7801285e-14 
-0.0015924659 -0.001859615 0.0035319826 -0.0042737137 -83.091634 -1.5327976e-13 
0.012625819 0.0017577537 -0.00018107432 0.0039849858 -14.402847 -3.9845253e-14 
-0.0019506396 0.0024808757 0.008434757 0.0031589598 6.6509008 1.3197913e-13 
-0.021190612 -0.00076084984 0.0092551365 0.0026599519 98.132445 -3.7342118e-14 
-0.01142936 0.0031044076 -0.0048644933 0.00021971505 50.30497 6.9788264e-14 
-0.017928905 -0.0003884533 -0.0068453918 0.0032082099 -27.142116 1.4246421e-13 
-0.024465278 0.00022953774 -0.0026619701 0.0022375041 -5.0097727 -1.5059739e-13 
0.0043827072 -0.0028412993 0.0046060219 -0.0027176129 -63.569921 1.4475377e-13 
-0.018723212 0.002144301 -0.0059587323 0.00113241 -59.819928 1.7778593e-14 
0.007137763 -0.0027932725 0.0057476522 -0.0023886122 -101.49634 -1.0107217e-13 
-0.015133436 -0.0005262001 0.0094420597 -0.0030585231 41.923265 7.9136689e-14 
0.00030292436 0.0014129512 -0.014205793 -0.0036832446 103.55348 -8.8180589e-14 
0.025843881 0.00062448818 -0.0068465398 -0.00072249345 6.3862217 -9.7875965e-14 
-0.021179385 -0.0016881156 -0.0067050692 -0.0019158561 -73.6154 1.0447647e-14 
0.0065621466 -0.0029425417 -0.00026697556 0.0025286758 55.179803 -8.8692515e-15 
0.0072943303 0.0030466459 0.0067806116 0.0017361324 52.455176 3.6955841e-14 
0.02613604 -0.00085816632 -0.001674349 0.00047667908 -79.444018 -1.624262e-13 
0.023462599 -0.001032598 -0.0056701081 0.001023382 -47.963821 1.3711292e-13 
0.0059110692 -0.002858534 -0.0060237734 0.0017643436 78.330729 2.0583675e-14 
-0.02031931 0.0011928179 -0.00034007971 -0.0029171721 111.39503 -1.1903827e-14 
0.0052141668 0.0025663947 -0.00015381645 0.0036179002 -78.738598 5.7184285e-14 
0.017365477 0.0026757969 -0.0027298404 0.0016211677 -56.165857 1.1139255e-13 
0.0095031067 0.0020474128 0.0080821889 0.003564025 -1.4851585 1.4823402e-13 
-0.0091853264 0.00058595339 0.0057096491 -0.0042582764 14.287072 1.3052467e-13 
-0.015301279 -0.0019259069 0.0032867363 -0.0032753081 -19.140933 5.3438407e-14 
-0.015777138 0.000362757 -0.015466914 -0.0012778223 0.10638454 -9.5423378e-14 
0.0059925606 -0.0024790965 -0.0082511881 -0.002922721 -77.06612 -6.3050456e-14 
-0.00076405617 -0.0034797618 -0.0032983786 0.00034338635 73.728175 1.0156361e-13 
-0.0043921433 0.00067790002 0.016035733 0.00313816 -1.1267471 1.5462826e-13 
0.0083992596 0.0030865894 -0.0016888444 -0.0024591034 -29.736158 -1.1579758e-13 
0.0040235746 -0.0010848956 -0.015983926 -0.002739501 26.275686 -5.9898978e-14 
-0.013989589 0.00089024829 0.0011955599 -0.0041524668 -83.480625 -4.6922756e-14 
-0.021168693 -0.00019083153 0.012421205 0.00073304463 80.530928 4.3311683e-15 
0.015459636 0.0012070193 -0.0015199647 -0.0041482928 -33.756335 6.3426932e-14 
-0.0031274888 -0.0016407982 -0.0098279738 0.0031608978 58.392843 -2.8539996e-14 
0.0023569871 -5.494986e-05 0.018241751 -0.00059992634 104.90902 -9.5128881e-14 
-0.0061204968 -0.0035311601 -0.0010056431 -0.00046558187 94.282235 1.2739991e-13 
-0.020150427 -0.00018607902 0.010659077 0.0026869934 -4.7839517 4.3219649e-14 
-0.018925205 0.0021813312 0.00022469778 -0.0016467489 98.574055 -1.6192717e-13 
-0.015632672 0.00073161349 -0.0031512206 0.0039657574 0.81791744 1.2580408e-13 
-0.0084020675 -0.0016264524 -0.01550864 -0.0010649351 98.137265 4.9172248e-14 
0.013684436 0.00080015656 -0.016119135 -0.0017583551 13.716945 -2.3534641e-14 
0.013861848 0.0028060993 0.0042895364 -0.0015816715 32.630928 5.5814074e-14 
-0.016745772 -0.00022443476 0.010464367 0.0035887157 0.45866988 1.3731343e-13 
-0.016979174 -0.002613574 0.0039566112 -0.001740493 -50.567085 -1.1429003e-13 
-0.0036621937 0.00022774812 -0.012774842 -0.0044204099 45.11173 1.6374674e-13 
0.015974762 -0.00056206385 -0.0066599644 -0.0040698941 -80.526976 1.2621256e-13 
0.018232196 -0.0019162245 0.0070071946 0.0021610763 -30.20732 -4.0617151e-14 
0.010371065 0.0010649842 0.016224451 -5.7344783e-05 -23.143955 -1.6867166e-13 
-0.0055113876 0.00076978773 -0.0064621595 0.0044130611 -52.961644 -5.4085524e-14 
0.0043895614 0.0011567534 0.0072969741 0.0047706383 74.130991 -5.1710813e-14 
0.0044236481 0.0034953151 0.0023693272 0.00082474477 -13.810429 -1.2220184e-13 
-0.0066575772 0.0019484128 -0.010797653 -0.0035959859 81.810302 2.3712731e-14 
0.0040660723 0.0015706404 -0.016463524 0.00093745702 -6.8776536 5.7294637e-14 
0.02703829 0.00039150645 0.0040522396 -0.00022293086 109.19523 -1.587098e-13 
-0.0092600637 0.0019601624 -0.013000322 0.0015115412 -63.82775 -1.4539943e-13 
0.0086565234 -0.0032094823 2.2029264e-05 0.0013060981 2.2375089 1.4127519e-14 
0.0089666081 -0.0031538446 -0.0037469947 0.00055209985 2.0772711 1.499387e-13 
-0.0032877944 0.002628091 0.0107225 0.0018437641 -75.146382 -1.1500772e-13 
-0.0040232722 -0.0014143075 -0.012397175 -0.0037805599 -83.499917 -1.4450731e-15 
0.018364998 -0.00061641458 -0.00089815125 0.0036545611 -30.904667 5.2814286e-14 
-0.023524571 0.0002437985 -0.0077043249 -0.0020392034 -72.973878 1.0760052e-13 
-0.022135874 -0.0014793209 0.0078648113 -0.0011919471 -110.36715 -8.5277136e-14 
-0.019141425 -0.0017693488 0.004849561 -0.0025236299 -68.069769 -4.8645793e-14 
-0.010862489 -0.00064451036 -0.014908098 0.0015964676 88.629628 -1.5094001e-13 
-0.012447757 -0.0031626382 0.0048887241 0.0013500735 61.072638 -1.8999063e-14 
-0.011001529 0.0017660351 0.012465619 -0.0009961557 7.3189228 -8.1783613e-14 
-0.025948185 -0.00098451824 -0.0028339214 -0.0013324669 103.5263 5.7836365e-14 
-0.016931044 -0.0013222668 0.010130169 0.0032220636 94.983005 -1.676536e-13 
0.0064196308 -0.0024880102 0.010009916 0.0029098686 31.665422 -8.3835825e-14 
0.018348004 -0.00029023792 -0.01330466 -0.0018794695 90.092139 3.4098633e-14 
-0.014245388 -0.00090372831 -0.0096543833 0.0029360228 -81.794794 8.3617202e-14 
-0.0015776152 0.00077776869 -0.0046737491 -0.0051623218 44.538085 -4.6012497e-14 
0.022797437 0.0019485297 -0.0041349778 -0.0015303504 2.96293 1.0007475e-13 
0.0021613509 -0.002741967 0.0088251711 -0.0022049091 54.830232 -1.0087983e-13 
-0.016403271 -0.00085977831 0.0025346679 -0.0039022807 52.342062 1.4648349e-14 
-0.0008601715 0.0026002229 0.0038563864 -0.0031303487 -94.155745 -1.1866433e-13 
-0.0054037699 0.0011160227 0.01537363 -0.0013876817 55.580308 -3.4230838e-16 
0.019417214 0.0014377752 -0.010848633 -0.0021835034 -103.80473 4.2673686e-14 
-0.021908838 0.00090177841 -0.010514066 -0.00076024332 3.3744015 1.6741894e-13 
-0.011412406 -0.0023995249 -0.010407098 -0.001873466 -2.8023131 -1.1519182e-13 
0.0048968261 -0.0032780391 0.0038114389 0.0018096337 9.2579926 2.5629748e-14 
-0.0073939162 0.0018814077 -0.0071702724 -0.0040879471 -2.1832396 -1.6200555e-13 
-0.0019684801 -0.0021202201 0.015126746 -0.00090372861 -88.90655 -9.3411437e-14 
0.015223834 -0.00055334389 0.013963556 0.0026054805 102.06408 -2.0886754e-16 
0.01364769 -0.0013654503 0.012395157 -0.001822948 4.5767576 8.2123442e-14 
0.0096968583 0.0014743824 -0.012206494 0.0025475002 108.4185 -6.0627738e-14 
-0.015778632 -0.0010899518 0.0023289369 0.004185148 14.679153 -1.5942187e-13 
-0.013343423 0.0013239954 -0.012592367 -0.002943295 -62.091788 -1.2902861e-13 
0.0049612104 0.0028170735 0.00051642845 -0.003129889 70.352673 -1.4817413e-13 
-0.001657405 0.0011049733 0.0097862668 -0.0036093437 -23.60001 -1.095942e-13 
-0.0024201606 0.0032430821 -0.0092117543 -0.00051410506 -20.04117 -1.7093811e-13 
-0.015331311 -0.0018130242 0.011460067 -0.0015467234 91.097066 -2.1154951e-14 
0.01932936 0.0014768649 0.0070083961 -0.0021878331 -33.521511 1.238122e-13 
0.0074206216 -0.0016316254 0.016421429 0.001528521 116.50766 -1.3506976e-13 
-0.019327664 0.00053199778 0.0075239846 -0.0025194157 -76.046956 1.6704075e-13 
0.016787234 0.0024781237 -0.0069481977 -0.0021526546 -34.925555 1.1572923e-13 
-0.002404978 0.00020216198 -0.018746344 7.0883365e-06 -29.186826 -7.0183863e-14 
-0.0028242808 0.0033094096 -0.0083128506 -0.00044309786 -100.21449 1.771461e-14 
-0.01778054 -0.00010813415 -0.007856078 0.0030598523 0.054287887 -6.4719626e-14 
0.026104764 0.00088370937 -0.0057705613 4.3708086e-05 78.757297 -7.7085629e-14 
0.018090665 0.0013933199 -0.012978556 -0.001612924 13.408741 -2.5226959e-14 
-0.0056242136 0.00082000383 -0.0029949355 0.0047966182 -4.1055247 1.2614389e-13 
0.007974608 -0.0027591343 0.0045950338 0.0028745 83.055582 -1.1474179e-13 
-0.017134319 0.0015856552 -0.00897275 -0.0026878879 38.686172 1.1717263e-13 
-0.022505418 -0.00074630015 -0.00091767796 0.0029547593 2.7852441 1.3335703e-13 
-0.00047327328 0.00027609731 -0.018357179 -0.0023134933 -95.602455 -9.4608422e-15 
0.014212321 0.00043295584 -0.005905225 -0.0045005149 -72.639975 1.1410186e-13 
0.023258115 0.00013203965 0.0099476692 0.0012473328 -85.463395 -8.2853009e-14 
0.006772327 -0.0019233594 -0.0085094501 -0.0037608175 96.813955 7.460179e-14 
-0.00094168686 0.00069466167 -0.016454379 -0.0033338727 19.136536 1.2892655e-13 
-0.024659242 -0.00058987047 -0.0078542302 0.00047899251 99.449445 -1.5429879e-13 
-0.0021336073 -0.0031798415 0.0015183929 -0.0024503716 11.734094 2.9623256e-14 
-0.00068806523 -0.0022632652 0.01415828 0.0024856753 77.337829 -1.0655042e-13 
-0.012491072 0.0030991567 -0.0027760384 -5.9016265e-05 88.518942 7.4647753e-14 
-0.021726814 -0.0014831116 -0.0012923773 0.0025985527 50.096669 -4.8075215e-14 
-0.00062565287 0.0013431179 0.004912424 0.0048686366 0.76637975 3.7814031e-14 
0.01797142 -0.001737872 0.0041381643 -0.0026097864 -73.073516 5.6408156e-14 
-0.019459714 -0.0025055961 0.0059996418 0.0010830053 25.014679 1.3114405e-13 
-0.0050959821 -0.0019031868 -0.0082129473 0.0032187644 -41.856761 -5.8334014e-14 
-0.017121424 -0.00067957249 -0.014262673 5.5915038e-05 52.134815 5.454209e-15 
-0.013254661 0.001980673 -0.0038127617 -0.0034711245 102.23939 -7.3073986e-14 
0.020481474 -0.0012246647 -0.0091635078 -0.0016589606 88.876634 -4.8076336e-15 
0.022397928 0.0014023893 0.0016717537 0.0025302924 -70.219222 1.5643399e-13 
-0.022282892 0.00060386939 -0.0060552433 -0.0026568215 -62.112458 -2.8741315e-14 
-0.017783533 -0.0018808851 -0.0094047554 -0.0018924044 -12.749068 1.393845e-13 
0.003590083 -0.0016033291 -0.014805295 -0.0025473757 31.909248 -1.6034643e-13 
-0.0072092798 -0.0013107143 0.01715638 -0.00036498285 26.651449 1.3811234e-13 
1.4018259e-05 0.0033380315 0.00010604755 0.0019897019 -30.99733 1.5352082e-13 
-0.0014597025 0.0032603253 0.0064336189 -0.00011784683 44.789802 1.2334777e-13 
-0.017288719 -0.0027304358 -0.0016006326 -0.0015706609 -12.510124 -3.0989141e-14 
-0.015757285 -0.0023083537 0.0084623559 0.0025054153 -38.87066 1.1094495e-13 
0.0090066978 0.0034707667 -0.00062891382 0.00048631303 84.355104 9.1231798e-14 
0.020710588 -0.00075840917 -0.011235117 -6.915431e-05 76.989641 9.3039549e-14 
-0.002890664 -0.0021916228 -0.012475872 -0.0025513496 57.591973 1.6313901e-13 
0.00083456922 -0.0027006627 0.0085609451 -0.002406668 -56.861856 9.0612481e-14 
0.015287963 0.0018762693 0.0076229417 -0.0023777899 -116.10211 -1.1209043e-13 
0.023822702 0.0010342533 -0.0085928228 -0.0013511912 -65.699744 -5.3158612e-14 
-0.012729558 0.0029172496 -0.0067203856 -0.00032491999 65.983757 3.2591314e-14 
-0.010631393 -0.00078304859 0.017499551 0.00055138946 1.1266432 -5.0599295e-14 
0.026159373 0.00020694358 0.0017753605 0.0017248517 1.6936128 4.9002553e-14 
-0.023883542 -0.0010951238 0.007895383 -0.00073580052 74.882691 -8.3837796e-14 
-0.00044845327 -0.0019084554 -0.0054971657 0.0038110367 96.739565 8.0563194e-14 
-0.0019046442 -0.0018129779 0.016874857 0.0016692235 -83.91219 -1.0640297e-13 
-0.013012225 0.00053674789 0.0019296918 0.0046211003 63.018453 -2.8242054e-14 
0.018484279 -0.0014440784 0.0060625561 0.002977954 37.341489 1.2311579e-13 
-0.010241307 0.0025464431 0.0015724172 0.0030547435 -63.227017 1.0895121e-14 
-0.012403795 0.0019424369 -0.0019652013 0.0035659602 83.921958 -1.2259218e-13 
-0.0094548108 0.0019132714 -0.0073824719 -0.0038414749 54.747194 -1.6662651e-13 
0.002648816 -0.0013911739 -0.0048913579 0.0042905256 114.45605 -1.49322e-13 
-0.016658573 -0.001611713 -0.0082338211 -0.0030350301 -94.659895 1.0873356e-13 
-0.011455082 0.0012285864 0.011487337 -0.0022694981 -117.06459 4.5713914e-14 
-0.017979361 0.0020480861 -0.0094384821 -5.9416925e-05 -82.073589 1.1663215e-13 
0.016499293 -0.0022227337 -0.0051721642 0.0014611192 6.2874556 -1.1449824e-13 
-0.0026612651 0.00031121293 0.015215347 -0.0022898514 75.686299 -1.0505597e-13 
-0.0031003191 -0.0022354824 0.010976361 -0.0025191419 -72.524071 1.6530833e-13 
-0.017049864 -0.0024237646 0.0061431644 0.0023472417 -3.4023255 7.8985633e-14 
-0.0085428959 -0.0034589172 0.0039043211 -0.00029385221 -99.626555 3.1774855e-14 
-0.018919016 -0.0006428775 0.0081092806 0.0035191771 -79.892418 -1.260331e-13 
0.00077692813 -0.0026958911 -0.0019023338 0.003234461 -59.245461 6.4187818e-14 
0.0092160653 0.00043737365 0.015184075 -0.0018096456 -111.14934 7.9010911e-15 
-0.021747543 -0.00042377617 -0.0040753179 -0.0031737846 -3.7020004 9.2643131e-14 
-0.016340618 -0.00076183409 0.0092856855 0.0037943309 56.222009 1.6398161e-13 
-0.023659625 -0.00027065475 0.0071267076 0.0023529794 105.60236 1.0202097e-13 
0.0040425516 0.0020576453 -0.0013485152 0.0042171036 -99.787215 3.9818971e-14 
0.0063764856 -0.00011440427 0.017732314 0.0023376731 -99.515525 1.3802882e-13 
0.0049931253 0.00064564648 0.015866667 0.0032246678 96.193725 -1.5932392e-13 
0.026128258 0.0013163557 -0.0035151697 -0.00044371557 95.777425 -1.1914693e-13 
-0.019696247 -0.0017291087 0.010812006 0.0014435538 64.824146 4.4849391e-15 
0.0051751012 0.0018145103 -0.011283039 -0.0039070499 -73.554778 1.1080554e-13 
-0.022847064 -0.0012651724 -0.0050776382 0.001842189 -115.39564 6.3814764e-14 
0.00088782588 -0.0016034331 0.0041718016 -0.0044034108 -36.87217 9.0822613e-14 
-0.01524057 0.0020799872 0.0079761755 -0.0012797021 -16.635632 -2.7505562e-14 
0.010865037 0.0019185291 0.0093415262 -0.0024730306 -86.617139 8.4224321e-14 
-0.0078993757 -0.0001169332 -0.014317037 0.0024384169 -87.685662 -5.3485916e-14 
-0.012344715 -0.0032569602 -0.0018651865 0.00049379525 63.180393 -1.5438224e-13 
0.020396938 -0.0012330499 -0.0097858354 -0.0012185878 -61.836058 9.6160533e-14 
0.021555542 -0.0015496276 -0.0066156226 -0.001168326 48.29898 -1.145909e-13 
-0.0057441733 0.00056708758 -0.018196382 -0.001870763 9.7034387 3.8613037e-14 
-0.0010543405 -0.0031094646 0.0099748013 0.0015998771 -78.880687 -1.0002294e-13 
-0.010381191 0.0025449397 0.009211117 0.0015117606 49.796522 1.1436387e-13 
0.0012136765 0.00074740855 -0.018894451 -0.00057470134 9.9745687 2.4818369e-14 
0.0034565691 0.0033186382 -0.00080476386 -0.0020442249 1.092056 -7.5464693e-14 
0.0058510681 0.0023504249 0.012828512 -0.00023023313 -41.82796 1.6322887e-14 
