Tkin	n_lat	eta	Gamma	alpha_p	GammaT	termx	termxp	termy	termyp	termdE

0.001	 1	-0.9612	1.0011	0.03666	5.2227	-1e-12	-3e-23	0.0	0.0	238.3800
0.001	60	-0.9612	1.0011	0.03666	5.2227	-0.9524	0.1361	0.0	0.0	239.1963
0.5	 1	-0.3889	1.5329	0.03666	5.2227	-1e-12	6e-22	0.0	0.0	 96.4503
0.5	60	-0.3889	1.5329	0.03666	5.2227	-0.9524	0.1361	0.0	0.0	 97.2666
0.93827	 1	-0.2133	2.0000	0.03666	5.2227	-1e-12	-1e-21	0.0	0.0	 52.9080
0.93827	60	-0.2133	2.0000	0.03666	5.2227	-0.9524	0.1361	0.0	0.0	 53.7243
1.0	 1	-0.1977	2.0658	0.03666	5.2227	-1e-12	1e-20	0.0	0.0	 49.0217
1.0	60	-0.1977	2.0658	0.03666	5.2227	-0.9524	0.1361	0.0	0.0	 49.8380
2.0	 1	-0.0653	3.1316	0.03666	5.2227	-1e-12	-7e-22	0.0	0.0	 16.1965
2.0	60	-0.0653	3.1316	0.03666	5.2227	-0.9524 0.1361	0.0	0.0	 17.0127
3.0	 1	-0.0201	4.1974	0.03666	5.2227	-1e-12	8e-21	0.0	0.0	  4.9844
3.0	60	-0.0201	4.1974	0.03666	5.2227	-0.9524	0.1361	0.0	0.0	  5.8007
3.962	 1	-1e-07	5.2227	0.03666	5.2227	-1e-12	1e-20	0.0	0.0	  0.00003
3.962	60	-1e-07	5.2227	0.03666	5.2227	-0.9524	0.1361	0.0	0.0	  0.8163
4.0	 1	 0.0006	5.2632	0.03666	5.2227	-1e-12 -6e-22	0.0	0.0	 -0.1394
4.0	60	 0.0006	5.2632	0.03666	5.2227	-0.9524	0.1361	0.0	0.0	  0.6769
5.0	 1	 0.0117	6.3289	0.03666	5.2227	-1e-12 -6e-22	0.0	0.0	 -2.9008
5.0	60	 0.0117	6.3289	0.03666	5.2227	-0.9524	0.1361	0.0	0.0	 -2.0845



Tkin	eta	Gamma	GammaT

0.001	-0.9612	1.0011	5.2227
0.5	-0.3889	1.5329	5.2227
0.93827	-0.2133	2.0000	5.2227
1.0	-0.1977	2.0658	5.2227
2.0	-0.0653	3.1316	5.2227
3.0	-0.0201	4.1974	5.2227
3.962	-1e-07	5.2227	5.2227
4.0	 0.0006	5.2632	5.2227
5.0	 0.0117	6.3289	5.2227



n_border = 60:
Tkin	alpha_x	beta_x	disp_x	dispp_x	alpha_y	beta_y	disp_y	dispp_y

0.001	1.122	4.566	1.811	-0.646	-1.888	8.229	0.0	0.0
0.5	1.122	4.566	1.811	-0.646	-1.888	8.229	0.0	0.0
0.93827	1.122	4.566	1.811	-0.646	-1.888	8.229	0.0	0.0
1.0	1.122	4.566	1.811	-0.646	-1.888	8.229	0.0	0.0
2.0	1.122	4.566	1.811	-0.646	-1.888	8.229	0.0	0.0
3.0	1.122	4.566	1.811	-0.646	-1.888	8.229	0.0	0.0
3.962	1.122	4.566	1.811	-0.646	-1.888	8.229	0.0	0.0
4.0	1.122	4.566	1.811	-0.646	-1.888	8.229	0.0	0.0
5.0	1.122	4.566	1.811	-0.646	-1.888	8.229	0.0	0.0



Tkin	M40	M41	M42	M43	M44	M45

0.001	-0.5259	-0.2108	-3e-21	1e-20	1.0	119661.8643
0.5	-0.5259	-0.2108	-3e-21	1e-20	1.0	   117.7304
0.93827	-0.5259	-0.2108	-3e-21	1e-20	1.0	    38.1725
1.0	-0.5259	-0.2108	-3e-21	1e-20	1.0	    33.5818
2.0	-0.5259	-0.2108	-3e-21	1e-20	1.0	     6.4475
3.0	-0.5259	-0.2108	-3e-21  1e-20	1.0	     1.5615
3.962	-0.5259	-0.2108	-3e-21	1e-20	1.0	     0.1729
4.0	-0.5259	-0.2108	-3e-21	1e-20	1.0	     0.1422
5.0	-0.5259	-0.2108	-3e-21	1e-20	1.0	    -0.3600
