1SNS Linac Accumulator Ring                                                        "MAD" Version: 8.23/08   Run: 24/04/09  15.53.35
 Matching beam line "RING            " as a cell                                   Range:#S/#E                                   
 delta(p)/p =     0.000000    symm = F
 ----------------------------------------------------------------------------------------------------------------------------------
1SNS Linac Accumulator Ring                                                        "MAD" Version: 8.23/08   Run: 24/04/09  15.53.35
 Linear lattice functions.    TWISS               line: RING                       range: #S/#E                                   
 Delta(p)/p:     0.000000     symm: F             super:   1                                                             page     1
 ----------------------------------------------------------------------------------------------------------------------------------
      ELEMENT SEQUENCE       I                H O R I Z O N T A L               I                  V E R T I C A L
 pos.  element occ.     dist I   betax  alfax   mux    x(co)  px(co) Dx    Dpx  I   betay  alfay   muy    y(co)  py(co) Dy    Dpy
 no.   name    no.      [m]  I   [m]    [1]     [2pi]  [mm]   [.001] [m]   [1]  I   [m]    [1]     [2pi]  [mm]   [.001] [m]   [1]
 ----------------------------------------------------------------------------------------------------------------------------------
 begin RING       1     0.000   12.355  0.045   0.000  0.0000  0.000  0.000 0.000   12.044  0.046   0.000  0.0000  0.000  0.000 0.000
 begin L000001    1     0.000   12.355  0.045   0.000  0.0000  0.000  0.000 0.000   12.044  0.046   0.000  0.0000  0.000  0.000 0.000
     1 OINJ2      1     0.850   12.338 -0.024   0.011  0.0000  0.000  0.000 0.000   12.027 -0.025   0.011  0.0000  0.000  0.000 0.000
     2 OINJ2      2     1.700   12.438 -0.093   0.022  0.0000  0.000  0.000 0.000   12.129 -0.096   0.022  0.0000  0.000  0.000 0.000
     3 OINJ2      3     2.550   12.655 -0.162   0.033  0.0000  0.000  0.000 0.000   12.352 -0.166   0.034  0.0000  0.000  0.000 0.000
     4 OINJ2      4     3.400   12.989 -0.231   0.043  0.0000  0.000  0.000 0.000   12.695 -0.237   0.044  0.0000  0.000  0.000 0.000
     5 OINJ2      5     4.250   13.441 -0.300   0.053  0.0000  0.000  0.000 0.000   13.158 -0.308   0.055  0.0000  0.000  0.000 0.000
     6 OINJ2      6     5.100   14.009 -0.369   0.063  0.0000  0.000  0.000 0.000   13.742 -0.379   0.065  0.0000  0.000  0.000 0.000
     7 OINJ2      7     5.950   14.695 -0.438   0.073  0.0000  0.000  0.000 0.000   14.445 -0.449   0.074  0.0000  0.000  0.000 0.000
     8 OINJ2      8     6.800   15.498 -0.507   0.082  0.0000  0.000  0.000 0.000   15.269 -0.520   0.084  0.0000  0.000  0.000 0.000
     9 QDCH       1     7.075   16.597 -3.557   0.085  0.0000  0.000  0.000 0.000   14.786  2.248   0.086  0.0000  0.000  0.000 0.000
    10 QDCH       2     7.350   19.546 -7.346   0.087  0.0000  0.000  0.000 0.000   12.880  4.565   0.090  0.0000  0.000  0.000 0.000
    11 O2         1     7.750   25.872 -8.470   0.090  0.0000  0.000  0.000 0.000    9.500  3.886   0.095  0.0000  0.000  0.000 0.000
    12 QFLH       1     8.100   29.913 -2.779   0.092  0.0000  0.000  0.000 0.000    7.596  1.691   0.102  0.0000  0.000  0.000 0.000
    13 QFLH       2     8.450   29.568  3.740   0.094  0.0000  0.000  0.000 0.000    7.010  0.025   0.110  0.0000  0.000  0.000 0.000
    14 O11        1    10.163   18.245  2.872   0.105  0.0000  0.000  0.000 0.000    7.344 -0.220   0.148  0.0000  0.000  0.000 0.000
    15 O11        2    11.875    9.895  2.004   0.126  0.0000  0.000  0.000 0.000    8.514 -0.464   0.183  0.0000  0.000  0.000 0.000
    16 O11        3    13.588    4.519  1.136   0.167  0.0000  0.000  0.000 0.000   10.522 -0.708   0.212  0.0000  0.000  0.000 0.000
    17 O11        4    15.300    2.115  0.268   0.260  0.0000  0.000  0.000 0.000   13.367 -0.953   0.235  0.0000  0.000  0.000 0.000
    18 QDMH       1    15.550    2.080 -0.129   0.279  0.0000  0.000  0.000 0.000   13.406  0.799   0.238  0.0000  0.000  0.000 0.000
    19 QDMH       2    15.800    2.246 -0.543   0.298  0.0000  0.000  0.000 0.000   12.586  2.447   0.241  0.0000  0.000  0.000 0.000
    20 OARC       1    16.800    3.908 -1.119   0.353  0.0000  0.000  0.000 0.000    8.246  1.892   0.257  0.0000  0.000  0.000 0.000
    21 BL         1    17.550    5.862 -1.477   0.378  0.0000  0.000  0.042 0.112    5.721  1.475   0.274  0.0000  0.000  0.000 0.000
    22 BR         1    18.300    8.312 -1.779   0.395  0.0000  0.000  0.168 0.223    3.820  1.059   0.300  0.0000  0.000  0.000 0.000
    23 OARC       2    19.300   12.370 -2.280   0.411  0.0000  0.000  0.391 0.223    2.257  0.504   0.355  0.0000  0.000  0.000 0.000
    24 QFH        1    19.550   12.978 -0.116   0.414  0.0000  0.000  0.438 0.151    2.133  0.001   0.373  0.0000  0.000  0.000 0.000
    25 QFH        2    19.800   12.483  2.067   0.417  0.0000  0.000  0.465 0.072    2.256 -0.501   0.392  0.0000  0.000  0.000 0.000
    26 OARC       3    20.800    8.770  1.645   0.432  0.0000  0.000  0.537 0.072    3.814 -1.056   0.447  0.0000  0.000  0.000 0.000
    27 BL         2    21.550    6.471  1.410   0.448  0.0000  0.000  0.631 0.177    5.710 -1.472   0.473  0.0000  0.000  0.000 0.000
    28 BR         2    22.300    4.566  1.122   0.470  0.0000  0.000  0.802 0.280    8.230 -1.888   0.490  0.0000  0.000  0.000 0.000
    29 OARC       4    23.300    2.817  0.627   0.515  0.0000  0.000  1.081 0.280   12.560 -2.442   0.506  0.0000  0.000  0.000 0.000
    30 QDH        1    23.550    2.663  0.000   0.530  0.0000  0.000  1.178 0.497   13.181  0.000   0.509  0.0000  0.000  0.000 0.000
    31 QDH        2    23.800    2.817 -0.627   0.544  0.0000  0.000  1.332 0.738   12.560  2.443   0.512  0.0000  0.000  0.000 0.000
    32 S30        1    23.810    2.830 -0.632   0.545  0.0000  0.000  1.339 0.738   12.511  2.437   0.512  0.0000  0.000  0.000 0.000
    33 S1D        1    24.110    3.254 -0.780   0.561  0.0000  0.000  1.561 0.738   11.098  2.271   0.516  0.0000  0.000  0.000 0.000
    34 LDAS       1    24.800    4.566 -1.122   0.589  0.0000  0.000  2.070 0.738    8.229  1.888   0.528  0.0000  0.000  0.000 0.000
    35 BL         3    25.550    6.471 -1.410   0.611  0.0000  0.000  2.654 0.820    5.708  1.472   0.545  0.0000  0.000  0.000 0.000
    36 BR         3    26.300    8.770 -1.645   0.627  0.0000  0.000  3.297 0.894    3.812  1.056   0.571  0.0000  0.000  0.000 0.000
    37 OARC       5    27.300   12.483 -2.067   0.642  0.0000  0.000  4.191 0.894    2.255  0.501   0.626  0.0000  0.000  0.000 0.000
    38 QFBH       1    27.550   12.978  0.116   0.645  0.0000  0.000  4.322 0.151    2.132 -0.001   0.644  0.0000  0.000  0.000 0.000
    39 QFBH       2    27.800   12.370  2.280   0.649  0.0000  0.000  4.266-0.599    2.256 -0.504   0.663  0.0000  0.000  0.000 0.000
    40 S30        2    27.810   12.325  2.275   0.649  0.0000  0.000  4.260-0.599    2.266 -0.509   0.663  0.0000  0.000  0.000 0.000
    41 S2F        1    28.110   11.005  2.124   0.653  0.0000  0.000  4.080-0.599    2.622 -0.676   0.683  0.0000  0.000  0.000 0.000
    42 LDAS       2    28.800    8.312  1.779   0.664  0.0000  0.000  3.667-0.599    3.819 -1.059   0.718  0.0000  0.000  0.000 0.000
    43 BL         4    29.550    5.862  1.477   0.681  0.0000  0.000  3.243-0.531    5.720 -1.476   0.744  0.0000  0.000  0.000 0.000
    44 BR         4    30.300    3.908  1.119   0.706  0.0000  0.000  2.871-0.458    8.246 -1.893   0.761  0.0000  0.000  0.000 0.000
    45 LDAS       3    30.990    2.638  0.722   0.741  0.0000  0.000  2.555-0.458   11.123 -2.276   0.773  0.0000  0.000  0.000 0.000
1SNS Linac Accumulator Ring                                                        "MAD" Version: 8.23/08   Run: 24/04/09  15.53.35
 Linear lattice functions.    TWISS               line: RING                       range: #S/#E                                   
 Delta(p)/p:     0.000000     symm: F             super:   1                                                             page     2
 ----------------------------------------------------------------------------------------------------------------------------------
      ELEMENT SEQUENCE       I                H O R I Z O N T A L               I                  V E R T I C A L
 pos.  element occ.     dist I   betax  alfax   mux    x(co)  px(co) Dx    Dpx  I   betay  alfay   muy    y(co)  py(co) Dy    Dpy
 no.   name    no.      [m]  I   [m]    [1]     [2pi]  [mm]   [.001] [m]   [1]  I   [m]    [1]     [2pi]  [mm]   [.001] [m]   [1]
 ----------------------------------------------------------------------------------------------------------------------------------
    46 S3D        1    31.290    2.257  0.549   0.760  0.0000  0.000  2.418-0.458   12.538 -2.443   0.777  0.0000  0.000  0.000 0.000
    47 S30        3    31.300    2.246  0.543   0.761  0.0000  0.000  2.413-0.458   12.587 -2.448   0.777  0.0000  0.000  0.000 0.000
    48 QDH        3    31.550    2.113  0.000   0.780  0.0000  0.000  2.356 0.000   13.209  0.000   0.780  0.0000  0.000  0.000 0.000
    49 QDH        4    31.800    2.246 -0.543   0.798  0.0000  0.000  2.413 0.458   12.587  2.448   0.783  0.0000  0.000  0.000 0.000
    50 OARC       6    32.800    3.908 -1.119   0.853  0.0000  0.000  2.871 0.458    8.246  1.893   0.798  0.0000  0.000  0.000 0.000
    51 BL         5    33.550    5.862 -1.477   0.878  0.0000  0.000  3.243 0.531    5.720  1.476   0.816  0.0000  0.000  0.000 0.000
    52 BR         5    34.300    8.312 -1.779   0.895  0.0000  0.000  3.667 0.599    3.819  1.059   0.842  0.0000  0.000  0.000 0.000
    53 LDAS       4    34.990   11.005 -2.124   0.906  0.0000  0.000  4.080 0.599    2.622  0.676   0.877  0.0000  0.000  0.000 0.000
    54 S4F        1    35.290   12.325 -2.275   0.911  0.0000  0.000  4.260 0.599    2.266  0.509   0.896  0.0000  0.000  0.000 0.000
    55 S30        4    35.300   12.370 -2.280   0.911  0.0000  0.000  4.266 0.599    2.256  0.504   0.897  0.0000  0.000  0.000 0.000
    56 QFBH       3    35.550   12.978 -0.116   0.914  0.0000  0.000  4.322-0.151    2.132  0.001   0.915  0.0000  0.000  0.000 0.000
    57 QFBH       4    35.800   12.483  2.067   0.917  0.0000  0.000  4.191-0.894    2.255 -0.501   0.934  0.0000  0.000  0.000 0.000
    58 OARC       7    36.800    8.770  1.645   0.932  0.0000  0.000  3.297-0.894    3.812 -1.056   0.989  0.0000  0.000  0.000 0.000
    59 BL         6    37.550    6.471  1.410   0.948  0.0000  0.000  2.654-0.820    5.708 -1.472   1.015  0.0000  0.000  0.000 0.000
    60 BR         6    38.300    4.566  1.122   0.970  0.0000  0.000  2.070-0.738    8.229 -1.888   1.032  0.0000  0.000  0.000 0.000
    61 LDAS       5    38.990    3.254  0.780   0.999  0.0000  0.000  1.561-0.738   11.098 -2.271   1.044  0.0000  0.000  0.000 0.000
    62 S1D        2    39.290    2.830  0.632   1.014  0.0000  0.000  1.339-0.738   12.511 -2.437   1.048  0.0000  0.000  0.000 0.000
    63 S30        5    39.300    2.817  0.627   1.015  0.0000  0.000  1.332-0.738   12.560 -2.443   1.048  0.0000  0.000  0.000 0.000
    64 QDH        5    39.550    2.663  0.000   1.030  0.0000  0.000  1.178-0.497   13.181  0.000   1.051  0.0000  0.000  0.000 0.000
    65 QDH        6    39.800    2.817 -0.627   1.044  0.0000  0.000  1.081-0.280   12.560  2.442   1.054  0.0000  0.000  0.000 0.000
    66 OARC       8    40.800    4.566 -1.122   1.089  0.0000  0.000  0.802-0.280    8.230  1.888   1.070  0.0000  0.000  0.000 0.000
    67 BL         7    41.550    6.471 -1.410   1.111  0.0000  0.000  0.631-0.177    5.710  1.472   1.087  0.0000  0.000  0.000 0.000
    68 BR         7    42.300    8.770 -1.645   1.127  0.0000  0.000  0.537-0.072    3.814  1.056   1.113  0.0000  0.000  0.000 0.000
    69 OARC       9    43.300   12.483 -2.067   1.142  0.0000  0.000  0.465-0.072    2.256  0.501   1.168  0.0000  0.000  0.000 0.000
    70 QFH        3    43.550   12.978  0.116   1.145  0.0000  0.000  0.438-0.151    2.133 -0.001   1.186  0.0000  0.000  0.000 0.000
    71 QFH        4    43.800   12.370  2.280   1.149  0.0000  0.000  0.391-0.223    2.257 -0.504   1.205  0.0000  0.000  0.000 0.000
    72 OARC      10    44.800    8.312  1.779   1.164  0.0000  0.000  0.168-0.223    3.820 -1.059   1.260  0.0000  0.000  0.000 0.000
    73 BL         8    45.550    5.862  1.477   1.181  0.0000  0.000  0.042-0.112    5.721 -1.475   1.286  0.0000  0.000  0.000 0.000
    74 BR         8    46.300    3.908  1.119   1.206  0.0000  0.000  0.000 0.000    8.246 -1.892   1.303  0.0000  0.000  0.000 0.000
    75 OARC      11    47.300    2.246  0.543   1.261  0.0000  0.000  0.000 0.000   12.586 -2.447   1.319  0.0000  0.000  0.000 0.000
    76 QDMH       3    47.550    2.080  0.129   1.280  0.0000  0.000  0.000 0.000   13.406 -0.799   1.322  0.0000  0.000  0.000 0.000
    77 QDMH       4    47.800    2.115 -0.268   1.299  0.0000  0.000  0.000 0.000   13.367  0.953   1.325  0.0000  0.000  0.000 0.000
    78 DC11       1    48.296    2.505 -0.519   1.333  0.0000  0.000  0.000 0.000   12.458  0.882   1.331  0.0000  0.000  0.000 0.000
    79 DC11       2    48.792    3.144 -0.770   1.362  0.0000  0.000  0.000 0.000   11.618  0.811   1.337  0.0000  0.000  0.000 0.000
    80 DC11       3    49.287    4.033 -1.022   1.384  0.0000  0.000  0.000 0.000   10.848  0.741   1.344  0.0000  0.000  0.000 0.000
    81 DC11       4    49.783    5.171 -1.273   1.401  0.0000  0.000  0.000 0.000   10.149  0.670   1.352  0.0000  0.000  0.000 0.000
    82 DC11       5    50.279    6.558 -1.524   1.415  0.0000  0.000  0.000 0.000    9.520  0.599   1.360  0.0000  0.000  0.000 0.000
    83 COL_P1     1    50.879    8.569 -1.828   1.428  0.0000  0.000  0.000 0.000    8.853  0.513   1.370  0.0000  0.000  0.000 0.000
    84 DC13       1    51.094    9.379 -1.937   1.431  0.0000  0.000  0.000 0.000    8.638  0.483   1.374  0.0000  0.000  0.000 0.000
    85 COL_SCRT   1    51.099    9.397 -1.940   1.431  0.0000  0.000  0.000 0.000    8.634  0.482   1.374  0.0000  0.000  0.000 0.000
    86 COL_SCRC   1    51.113    9.453 -1.947   1.432  0.0000  0.000  0.000 0.000    8.620  0.480   1.375  0.0000  0.000  0.000 0.000
    87 DC14A      1    51.138    9.552 -1.960   1.432  0.0000  0.000  0.000 0.000    8.596  0.476   1.375  0.0000  0.000  0.000 0.000
    88 COL_SCRT   2    51.143    9.570 -1.962   1.432  0.0000  0.000  0.000 0.000    8.591  0.476   1.375  0.0000  0.000  0.000 0.000
    89 COL_SCRC   2    51.158    9.627 -1.970   1.432  0.0000  0.000  0.000 0.000    8.578  0.474   1.375  0.0000  0.000  0.000 0.000
    90 DC14B      1    51.292   10.167 -2.038   1.435  0.0000  0.000  0.000 0.000    8.453  0.454   1.378  0.0000  0.000  0.000 0.000
    91 COL_SCRT   3    51.297   10.185 -2.040   1.435  0.0000  0.000  0.000 0.000    8.449  0.454   1.378  0.0000  0.000  0.000 0.000
    92 COL_SCRC   3    51.311   10.245 -2.048   1.435  0.0000  0.000  0.000 0.000    8.435  0.452   1.378  0.0000  0.000  0.000 0.000
1SNS Linac Accumulator Ring                                                        "MAD" Version: 8.23/08   Run: 24/04/09  15.53.35
 Linear lattice functions.    TWISS               line: RING                       range: #S/#E                                   
 Delta(p)/p:     0.000000     symm: F             super:   1                                                             page     3
 ----------------------------------------------------------------------------------------------------------------------------------
      ELEMENT SEQUENCE       I                H O R I Z O N T A L               I                  V E R T I C A L
 pos.  element occ.     dist I   betax  alfax   mux    x(co)  px(co) Dx    Dpx  I   betay  alfay   muy    y(co)  py(co) Dy    Dpy
 no.   name    no.      [m]  I   [m]    [1]     [2pi]  [mm]   [.001] [m]   [1]  I   [m]    [1]     [2pi]  [mm]   [.001] [m]   [1]
 ----------------------------------------------------------------------------------------------------------------------------------
    93 DC14A      2    51.337   10.349 -2.060   1.435  0.0000  0.000  0.000 0.000    8.413  0.448   1.379  0.0000  0.000  0.000 0.000
    94 COL_SCRT   4    51.341   10.367 -2.063   1.435  0.0000  0.000  0.000 0.000    8.409  0.447   1.379  0.0000  0.000  0.000 0.000
    95 COL_SCRC   4    51.356   10.428 -2.070   1.436  0.0000  0.000  0.000 0.000    8.396  0.445   1.379  0.0000  0.000  0.000 0.000
    96 DC13       2    51.571   11.341 -2.179   1.439  0.0000  0.000  0.000 0.000    8.211  0.415   1.383  0.0000  0.000  0.000 0.000
    97 P2_SHIEL   1    51.825   12.481 -2.308   1.442  0.0000  0.000  0.000 0.000    8.009  0.378   1.388  0.0000  0.000  0.000 0.000
    98 COL_P2A    1    53.025   18.749 -2.916   1.455  0.0000  0.000  0.000 0.000    7.307  0.207   1.413  0.0000  0.000  0.000 0.000
    99 COL_P2B    1    53.625   22.431 -3.220   1.459  0.0000  0.000  0.000 0.000    7.109  0.122   1.427  0.0000  0.000  0.000 0.000
   100 P2_SHIEL   1    53.925   24.409 -3.372   1.461  0.0000  0.000  0.000 0.000    7.049  0.079   1.433  0.0000  0.000  0.000 0.000
   101 DC15       1    54.287   26.921 -3.556   1.464  0.0000  0.000  0.000 0.000    7.011  0.027   1.442  0.0000  0.000  0.000 0.000
   102 DC15       2    54.650   29.568 -3.740   1.466  0.0000  0.000  0.000 0.000    7.010 -0.025   1.450  0.0000  0.000  0.000 0.000
   103 QFLH       3    55.000   29.913  2.779   1.467  0.0000  0.000  0.000 0.000    7.596 -1.691   1.458  0.0000  0.000  0.000 0.000
   104 QFLH       4    55.350   25.872  8.470   1.469  0.0000  0.000  0.000 0.000    9.500 -3.886   1.464  0.0000  0.000  0.000 0.000
   105 O2         2    55.750   19.546  7.346   1.472  0.0000  0.000  0.000 0.000   12.880 -4.565   1.470  0.0000  0.000  0.000 0.000
   106 QDCH       3    56.025   16.597  3.557   1.475  0.0000  0.000  0.000 0.000   14.786 -2.248   1.473  0.0000  0.000  0.000 0.000
   107 QDCH       4    56.300   15.498  0.507   1.477  0.0000  0.000  0.000 0.000   15.269  0.520   1.476  0.0000  0.000  0.000 0.000
   108 DC21       1    57.225   14.630  0.432   1.487  0.0000  0.000  0.000 0.000   14.378  0.443   1.486  0.0000  0.000  0.000 0.000
   109 S_SHIELD   1    58.259   13.824  0.348   1.499  0.0000  0.000  0.000 0.000   13.551  0.357   1.498  0.0000  0.000  0.000 0.000
   110 COL_S1     1    59.379   13.146  0.257   1.512  0.0000  0.000  0.000 0.000   12.856  0.264   1.511  0.0000  0.000  0.000 0.000
   111 S_SHIELD   2    60.412   12.701  0.173   1.525  0.0000  0.000  0.000 0.000   12.399  0.178   1.524  0.0000  0.000  0.000 0.000
   112 DC22       1    60.840   12.568  0.139   1.530  0.0000  0.000  0.000 0.000   12.263  0.142   1.530  0.0000  0.000  0.000 0.000
   113 DC22       2    61.267   12.464  0.104   1.536  0.0000  0.000  0.000 0.000   12.156  0.107   1.535  0.0000  0.000  0.000 0.000
   114 DC22       3    61.695   12.390  0.069   1.541  0.0000  0.000  0.000 0.000   12.080  0.071   1.541  0.0000  0.000  0.000 0.000
   115 DC22       4    62.122   12.345  0.035   1.547  0.0000  0.000  0.000 0.000   12.034  0.036   1.547  0.0000  0.000  0.000 0.000
   116 DC22       5    62.550   12.330  0.000   1.552  0.0000  0.000  0.000 0.000   12.019  0.000   1.552  0.0000  0.000  0.000 0.000
   117 DC22       6    62.978   12.345 -0.035   1.558  0.0000  0.000  0.000 0.000   12.034 -0.036   1.558  0.0000  0.000  0.000 0.000
   118 DC22       7    63.405   12.390 -0.069   1.563  0.0000  0.000  0.000 0.000   12.080 -0.071   1.564  0.0000  0.000  0.000 0.000
   119 DC22       8    63.833   12.464 -0.104   1.569  0.0000  0.000  0.000 0.000   12.156 -0.107   1.569  0.0000  0.000  0.000 0.000
   120 DC22       9    64.260   12.568 -0.139   1.574  0.0000  0.000  0.000 0.000   12.263 -0.142   1.575  0.0000  0.000  0.000 0.000
   121 DC22      10    64.688   12.701 -0.173   1.579  0.0000  0.000  0.000 0.000   12.399 -0.178   1.580  0.0000  0.000  0.000 0.000
   122 S_SHIELD   3    65.721   13.146 -0.257   1.592  0.0000  0.000  0.000 0.000   12.856 -0.264   1.593  0.0000  0.000  0.000 0.000
   123 COL_S2     1    66.842   13.824 -0.348   1.605  0.0000  0.000  0.000 0.000   13.551 -0.357   1.607  0.0000  0.000  0.000 0.000
   124 S_SHIELD   4    67.875   14.630 -0.432   1.617  0.0000  0.000  0.000 0.000   14.378 -0.443   1.619  0.0000  0.000  0.000 0.000
   125 DC24       1    68.800   15.498 -0.507   1.627  0.0000  0.000  0.000 0.000   15.269 -0.520   1.629  0.0000  0.000  0.000 0.000
   126 QDCH       5    69.075   16.597 -3.557   1.630  0.0000  0.000  0.000 0.000   14.786  2.248   1.631  0.0000  0.000  0.000 0.000
   127 QDCH       6    69.350   19.546 -7.346   1.632  0.0000  0.000  0.000 0.000   12.880  4.565   1.635  0.0000  0.000  0.000 0.000
   128 O2         3    69.750   25.872 -8.470   1.635  0.0000  0.000  0.000 0.000    9.500  3.886   1.640  0.0000  0.000  0.000 0.000
   129 QFLH       5    70.100   29.913 -2.779   1.637  0.0000  0.000  0.000 0.000    7.596  1.691   1.647  0.0000  0.000  0.000 0.000
   130 QFLH       6    70.450   29.568  3.740   1.639  0.0000  0.000  0.000 0.000    7.010  0.025   1.655  0.0000  0.000  0.000 0.000
   131 DC31       1    71.135   24.682  3.393   1.643  0.0000  0.000  0.000 0.000    7.043 -0.073   1.670  0.0000  0.000  0.000 0.000
   132 DC31       2    71.820   20.272  3.045   1.648  0.0000  0.000  0.000 0.000    7.210 -0.171   1.686  0.0000  0.000  0.000 0.000
   133 DC31       3    72.505   16.337  2.698   1.654  0.0000  0.000  0.000 0.000    7.511 -0.268   1.700  0.0000  0.000  0.000 0.000
   134 DC31       4    73.190   12.879  2.351   1.661  0.0000  0.000  0.000 0.000    7.946 -0.366   1.715  0.0000  0.000  0.000 0.000
   135 DC31       5    73.875    9.895  2.004   1.671  0.0000  0.000  0.000 0.000    8.514 -0.464   1.728  0.0000  0.000  0.000 0.000
   136 DC31       6    74.560    7.388  1.657   1.683  0.0000  0.000  0.000 0.000    9.217 -0.562   1.740  0.0000  0.000  0.000 0.000
   137 DC31       7    75.245    5.356  1.309   1.701  0.0000  0.000  0.000 0.000   10.054 -0.660   1.752  0.0000  0.000  0.000 0.000
   138 DC31       8    75.930    3.800  0.962   1.725  0.0000  0.000  0.000 0.000   11.024 -0.757   1.762  0.0000  0.000  0.000 0.000
   139 DC31       9    76.615    2.719  0.615   1.759  0.0000  0.000  0.000 0.000   12.129 -0.855   1.771  0.0000  0.000  0.000 0.000
1SNS Linac Accumulator Ring                                                        "MAD" Version: 8.23/08   Run: 24/04/09  15.53.35
 Linear lattice functions.    TWISS               line: RING                       range: #S/#E                                   
 Delta(p)/p:     0.000000     symm: F             super:   1                                                             page     4
 ----------------------------------------------------------------------------------------------------------------------------------
      ELEMENT SEQUENCE       I                H O R I Z O N T A L               I                  V E R T I C A L
 pos.  element occ.     dist I   betax  alfax   mux    x(co)  px(co) Dx    Dpx  I   betay  alfay   muy    y(co)  py(co) Dy    Dpy
 no.   name    no.      [m]  I   [m]    [1]     [2pi]  [mm]   [.001] [m]   [1]  I   [m]    [1]     [2pi]  [mm]   [.001] [m]   [1]
 ----------------------------------------------------------------------------------------------------------------------------------
   140 DC31      10    77.300    2.115  0.268   1.805  0.0000  0.000  0.000 0.000   13.367 -0.953   1.780  0.0000  0.000  0.000 0.000
   141 QDMH       5    77.550    2.080 -0.129   1.824  0.0000  0.000  0.000 0.000   13.406  0.799   1.783  0.0000  0.000  0.000 0.000
   142 QDMH       6    77.800    2.246 -0.543   1.843  0.0000  0.000  0.000 0.000   12.586  2.447   1.786  0.0000  0.000  0.000 0.000
   143 OARC      12    78.800    3.908 -1.119   1.898  0.0000  0.000  0.000 0.000    8.246  1.892   1.802  0.0000  0.000  0.000 0.000
   144 BL         9    79.550    5.862 -1.477   1.923  0.0000  0.000  0.042 0.112    5.721  1.475   1.819  0.0000  0.000  0.000 0.000
   145 BR         9    80.300    8.312 -1.779   1.940  0.0000  0.000  0.168 0.223    3.820  1.059   1.845  0.0000  0.000  0.000 0.000
   146 OARC      13    81.300   12.370 -2.280   1.956  0.0000  0.000  0.391 0.223    2.257  0.504   1.900  0.0000  0.000  0.000 0.000
   147 QFH        5    81.550   12.978 -0.116   1.959  0.0000  0.000  0.438 0.151    2.133  0.001   1.918  0.0000  0.000  0.000 0.000
   148 QFH        6    81.800   12.483  2.067   1.962  0.0000  0.000  0.465 0.072    2.256 -0.501   1.937  0.0000  0.000  0.000 0.000
   149 OARC      14    82.800    8.770  1.645   1.977  0.0000  0.000  0.537 0.072    3.814 -1.056   1.992  0.0000  0.000  0.000 0.000
   150 BL        10    83.550    6.471  1.410   1.993  0.0000  0.000  0.631 0.177    5.710 -1.472   2.018  0.0000  0.000  0.000 0.000
   151 BR        10    84.300    4.566  1.122   2.015  0.0000  0.000  0.802 0.280    8.230 -1.888   2.035  0.0000  0.000  0.000 0.000
   152 OARC      15    85.300    2.817  0.627   2.060  0.0000  0.000  1.081 0.280   12.560 -2.442   2.051  0.0000  0.000  0.000 0.000
   153 QDH        7    85.550    2.663  0.000   2.075  0.0000  0.000  1.178 0.497   13.181  0.000   2.054  0.0000  0.000  0.000 0.000
 end   L000001    1    85.550    2.663  0.000   2.075  0.0000  0.000  1.178 0.497   13.181  0.000   2.054  0.0000  0.000  0.000 0.000
 begin L000002    1    85.550    2.663  0.000   2.075  0.0000  0.000  1.178 0.497   13.181  0.000   2.054  0.0000  0.000  0.000 0.000
   154 QDH        8    85.800    2.817 -0.627   2.089  0.0000  0.000  1.332 0.738   12.560  2.443   2.057  0.0000  0.000  0.000 0.000
   155 S30        6    85.810    2.830 -0.632   2.090  0.0000  0.000  1.339 0.738   12.511  2.437   2.057  0.0000  0.000  0.000 0.000
   156 S1D        3    86.110    3.254 -0.780   2.106  0.0000  0.000  1.561 0.738   11.098  2.271   2.061  0.0000  0.000  0.000 0.000
   157 LDAS       6    86.800    4.566 -1.122   2.134  0.0000  0.000  2.070 0.738    8.229  1.888   2.073  0.0000  0.000  0.000 0.000
   158 BL        11    87.550    6.471 -1.410   2.156  0.0000  0.000  2.654 0.820    5.708  1.472   2.090  0.0000  0.000  0.000 0.000
   159 BR        11    88.300    8.770 -1.645   2.172  0.0000  0.000  3.297 0.894    3.812  1.056   2.116  0.0000  0.000  0.000 0.000
   160 OARC      16    89.300   12.483 -2.067   2.187  0.0000  0.000  4.191 0.894    2.255  0.501   2.171  0.0000  0.000  0.000 0.000
   161 QFBH       5    89.550   12.978  0.116   2.190  0.0000  0.000  4.322 0.151    2.132 -0.001   2.189  0.0000  0.000  0.000 0.000
   162 QFBH       6    89.800   12.370  2.280   2.194  0.0000  0.000  4.266-0.599    2.256 -0.504   2.208  0.0000  0.000  0.000 0.000
   163 S30        7    89.810   12.325  2.275   2.194  0.0000  0.000  4.260-0.599    2.266 -0.509   2.208  0.0000  0.000  0.000 0.000
   164 S2F        2    90.110   11.005  2.124   2.198  0.0000  0.000  4.080-0.599    2.622 -0.676   2.228  0.0000  0.000  0.000 0.000
   165 LDAS       7    90.800    8.312  1.779   2.209  0.0000  0.000  3.667-0.599    3.819 -1.059   2.263  0.0000  0.000  0.000 0.000
   166 BL        12    91.550    5.862  1.477   2.226  0.0000  0.000  3.243-0.531    5.720 -1.476   2.289  0.0000  0.000  0.000 0.000
   167 BR        12    92.300    3.908  1.119   2.251  0.0000  0.000  2.871-0.458    8.246 -1.893   2.306  0.0000  0.000  0.000 0.000
   168 LDAS       8    92.990    2.638  0.722   2.286  0.0000  0.000  2.555-0.458   11.123 -2.276   2.318  0.0000  0.000  0.000 0.000
   169 S3D        2    93.290    2.257  0.549   2.305  0.0000  0.000  2.418-0.458   12.538 -2.443   2.322  0.0000  0.000  0.000 0.000
   170 S30        8    93.300    2.246  0.543   2.306  0.0000  0.000  2.413-0.458   12.587 -2.448   2.322  0.0000  0.000  0.000 0.000
   171 QDH        9    93.550    2.113  0.000   2.325  0.0000  0.000  2.356 0.000   13.209  0.000   2.325  0.0000  0.000  0.000 0.000
   172 QDH       10    93.800    2.246 -0.543   2.343  0.0000  0.000  2.413 0.458   12.587  2.448   2.328  0.0000  0.000  0.000 0.000
   173 OARC      17    94.800    3.908 -1.119   2.398  0.0000  0.000  2.871 0.458    8.246  1.893   2.343  0.0000  0.000  0.000 0.000
   174 BL        13    95.550    5.862 -1.477   2.423  0.0000  0.000  3.243 0.531    5.720  1.476   2.361  0.0000  0.000  0.000 0.000
   175 BR        13    96.300    8.312 -1.779   2.440  0.0000  0.000  3.667 0.599    3.819  1.059   2.387  0.0000  0.000  0.000 0.000
   176 LDAS       9    96.990   11.005 -2.124   2.451  0.0000  0.000  4.080 0.599    2.622  0.676   2.422  0.0000  0.000  0.000 0.000
   177 S4F        2    97.290   12.325 -2.275   2.456  0.0000  0.000  4.260 0.599    2.266  0.509   2.441  0.0000  0.000  0.000 0.000
   178 S30        9    97.300   12.370 -2.280   2.456  0.0000  0.000  4.266 0.599    2.256  0.504   2.442  0.0000  0.000  0.000 0.000
   179 QFBH       7    97.550   12.978 -0.116   2.459  0.0000  0.000  4.322-0.151    2.132  0.001   2.460  0.0000  0.000  0.000 0.000
   180 QFBH       8    97.800   12.483  2.067   2.462  0.0000  0.000  4.191-0.894    2.255 -0.501   2.479  0.0000  0.000  0.000 0.000
   181 OARC      18    98.800    8.770  1.645   2.477  0.0000  0.000  3.297-0.894    3.812 -1.056   2.534  0.0000  0.000  0.000 0.000
   182 BL        14    99.550    6.471  1.410   2.493  0.0000  0.000  2.654-0.820    5.708 -1.472   2.560  0.0000  0.000  0.000 0.000
   183 BR        14   100.300    4.566  1.122   2.515  0.0000  0.000  2.070-0.738    8.229 -1.888   2.577  0.0000  0.000  0.000 0.000
   184 LDAS      10   100.990    3.254  0.780   2.544  0.0000  0.000  1.561-0.738   11.098 -2.271   2.589  0.0000  0.000  0.000 0.000
1SNS Linac Accumulator Ring                                                        "MAD" Version: 8.23/08   Run: 24/04/09  15.53.35
 Linear lattice functions.    TWISS               line: RING                       range: #S/#E                                   
 Delta(p)/p:     0.000000     symm: F             super:   1                                                             page     5
 ----------------------------------------------------------------------------------------------------------------------------------
      ELEMENT SEQUENCE       I                H O R I Z O N T A L               I                  V E R T I C A L
 pos.  element occ.     dist I   betax  alfax   mux    x(co)  px(co) Dx    Dpx  I   betay  alfay   muy    y(co)  py(co) Dy    Dpy
 no.   name    no.      [m]  I   [m]    [1]     [2pi]  [mm]   [.001] [m]   [1]  I   [m]    [1]     [2pi]  [mm]   [.001] [m]   [1]
 ----------------------------------------------------------------------------------------------------------------------------------
   185 S1D        4   101.290    2.830  0.632   2.559  0.0000  0.000  1.339-0.738   12.511 -2.437   2.593  0.0000  0.000  0.000 0.000
   186 S30       10   101.300    2.817  0.627   2.560  0.0000  0.000  1.332-0.738   12.560 -2.443   2.593  0.0000  0.000  0.000 0.000
   187 QDH       11   101.550    2.663  0.000   2.575  0.0000  0.000  1.178-0.497   13.181  0.000   2.596  0.0000  0.000  0.000 0.000
   188 QDH       12   101.800    2.817 -0.627   2.589  0.0000  0.000  1.081-0.280   12.560  2.442   2.599  0.0000  0.000  0.000 0.000
   189 OARC      19   102.800    4.566 -1.122   2.634  0.0000  0.000  0.802-0.280    8.230  1.888   2.615  0.0000  0.000  0.000 0.000
   190 BL        15   103.550    6.471 -1.410   2.656  0.0000  0.000  0.631-0.177    5.710  1.472   2.632  0.0000  0.000  0.000 0.000
   191 BR        15   104.300    8.770 -1.645   2.672  0.0000  0.000  0.537-0.072    3.814  1.056   2.658  0.0000  0.000  0.000 0.000
   192 OARC      20   105.300   12.483 -2.067   2.687  0.0000  0.000  0.465-0.072    2.256  0.501   2.713  0.0000  0.000  0.000 0.000
   193 QFH        7   105.550   12.978  0.116   2.690  0.0000  0.000  0.438-0.151    2.133 -0.001   2.731  0.0000  0.000  0.000 0.000
   194 QFH        8   105.800   12.370  2.280   2.694  0.0000  0.000  0.391-0.223    2.257 -0.504   2.750  0.0000  0.000  0.000 0.000
   195 OARC      21   106.800    8.312  1.779   2.709  0.0000  0.000  0.168-0.223    3.820 -1.059   2.805  0.0000  0.000  0.000 0.000
   196 BL        16   107.550    5.862  1.477   2.726  0.0000  0.000  0.042-0.112    5.721 -1.475   2.831  0.0000  0.000  0.000 0.000
   197 BR        16   108.300    3.908  1.119   2.751  0.0000  0.000  0.000 0.000    8.246 -1.892   2.848  0.0000  0.000  0.000 0.000
   198 OARC      22   109.300    2.246  0.543   2.806  0.0000  0.000  0.000 0.000   12.586 -2.447   2.864  0.0000  0.000  0.000 0.000
   199 QDMH       7   109.550    2.080  0.129   2.825  0.0000  0.000  0.000 0.000   13.406 -0.799   2.867  0.0000  0.000  0.000 0.000
   200 QDMH       8   109.800    2.115 -0.268   2.844  0.0000  0.000  0.000 0.000   13.367  0.953   2.870  0.0000  0.000  0.000 0.000
   201 O11        5   111.513    4.519 -1.136   2.937  0.0000  0.000  0.000 0.000   10.522  0.708   2.893  0.0000  0.000  0.000 0.000
   202 O11        6   113.225    9.895 -2.004   2.978  0.0000  0.000  0.000 0.000    8.514  0.464   2.922  0.0000  0.000  0.000 0.000
   203 O11        7   114.938   18.245 -2.872   2.999  0.0000  0.000  0.000 0.000    7.344  0.220   2.956  0.0000  0.000  0.000 0.000
   204 O11        8   116.650   29.568 -3.740   3.011  0.0000  0.000  0.000 0.000    7.010 -0.025   2.995  0.0000  0.000  0.000 0.000
   205 QFLH       7   117.000   29.913  2.779   3.012  0.0000  0.000  0.000 0.000    7.596 -1.691   3.003  0.0000  0.000  0.000 0.000
   206 QFLH       8   117.350   25.872  8.470   3.014  0.0000  0.000  0.000 0.000    9.500 -3.886   3.009  0.0000  0.000  0.000 0.000
   207 O2         4   117.750   19.546  7.346   3.017  0.0000  0.000  0.000 0.000   12.880 -4.565   3.015  0.0000  0.000  0.000 0.000
   208 QDCH       7   118.025   16.597  3.557   3.020  0.0000  0.000  0.000 0.000   14.786 -2.248   3.018  0.0000  0.000  0.000 0.000
   209 QDCH       8   118.300   15.498  0.507   3.022  0.0000  0.000  0.000 0.000   15.269  0.520   3.021  0.0000  0.000  0.000 0.000
   210 O31        1   119.550   14.358  0.406   3.036  0.0000  0.000  0.000 0.000   14.099  0.416   3.035  0.0000  0.000  0.000 0.000
   211 O31        2   120.800   13.471  0.304   3.050  0.0000  0.000  0.000 0.000   13.189  0.312   3.049  0.0000  0.000  0.000 0.000
   212 O31        3   122.050   12.837  0.203   3.065  0.0000  0.000  0.000 0.000   12.539  0.208   3.065  0.0000  0.000  0.000 0.000
   213 O31        4   123.300   12.457  0.101   3.081  0.0000  0.000  0.000 0.000   12.149  0.104   3.081  0.0000  0.000  0.000 0.000
   214 O31        5   124.550   12.330  0.000   3.097  0.0000  0.000  0.000 0.000   12.019  0.000   3.097  0.0000  0.000  0.000 0.000
   215 O31        6   125.800   12.457 -0.101   3.113  0.0000  0.000  0.000 0.000   12.149 -0.104   3.114  0.0000  0.000  0.000 0.000
   216 O31        7   127.050   12.837 -0.203   3.129  0.0000  0.000  0.000 0.000   12.539 -0.208   3.130  0.0000  0.000  0.000 0.000
   217 O31        8   128.300   13.471 -0.304   3.144  0.0000  0.000  0.000 0.000   13.189 -0.312   3.145  0.0000  0.000  0.000 0.000
   218 O31        9   129.550   14.358 -0.406   3.158  0.0000  0.000  0.000 0.000   14.099 -0.416   3.160  0.0000  0.000  0.000 0.000
   219 O31       10   130.800   15.498 -0.507   3.172  0.0000  0.000  0.000 0.000   15.269 -0.520   3.174  0.0000  0.000  0.000 0.000
   220 QDCH       9   131.075   16.597 -3.557   3.175  0.0000  0.000  0.000 0.000   14.786  2.248   3.176  0.0000  0.000  0.000 0.000
   221 QDCH      10   131.350   19.546 -7.346   3.177  0.0000  0.000  0.000 0.000   12.880  4.565   3.180  0.0000  0.000  0.000 0.000
   222 O2         5   131.750   25.872 -8.470   3.180  0.0000  0.000  0.000 0.000    9.500  3.886   3.185  0.0000  0.000  0.000 0.000
   223 QFLH       9   132.100   29.913 -2.779   3.182  0.0000  0.000  0.000 0.000    7.596  1.691   3.192  0.0000  0.000  0.000 0.000
   224 QFLH      10   132.450   29.568  3.740   3.184  0.0000  0.000  0.000 0.000    7.010  0.025   3.200  0.0000  0.000  0.000 0.000
   225 O11        9   134.163   18.245  2.872   3.195  0.0000  0.000  0.000 0.000    7.344 -0.220   3.238  0.0000  0.000  0.000 0.000
   226 O11       10   135.875    9.895  2.004   3.216  0.0000  0.000  0.000 0.000    8.514 -0.464   3.273  0.0000  0.000  0.000 0.000
   227 O11       11   137.588    4.519  1.136   3.257  0.0000  0.000  0.000 0.000   10.522 -0.708   3.302  0.0000  0.000  0.000 0.000
   228 O11       12   139.300    2.115  0.268   3.350  0.0000  0.000  0.000 0.000   13.367 -0.953   3.325  0.0000  0.000  0.000 0.000
   229 QDMH       9   139.550    2.080 -0.129   3.369  0.0000  0.000  0.000 0.000   13.406  0.799   3.328  0.0000  0.000  0.000 0.000
   230 QDMH      10   139.800    2.246 -0.543   3.388  0.0000  0.000  0.000 0.000   12.586  2.447   3.331  0.0000  0.000  0.000 0.000
   231 OARC      23   140.800    3.908 -1.119   3.443  0.0000  0.000  0.000 0.000    8.246  1.892   3.347  0.0000  0.000  0.000 0.000
1SNS Linac Accumulator Ring                                                        "MAD" Version: 8.23/08   Run: 24/04/09  15.53.35
 Linear lattice functions.    TWISS               line: RING                       range: #S/#E                                   
 Delta(p)/p:     0.000000     symm: F             super:   1                                                             page     6
 ----------------------------------------------------------------------------------------------------------------------------------
      ELEMENT SEQUENCE       I                H O R I Z O N T A L               I                  V E R T I C A L
 pos.  element occ.     dist I   betax  alfax   mux    x(co)  px(co) Dx    Dpx  I   betay  alfay   muy    y(co)  py(co) Dy    Dpy
 no.   name    no.      [m]  I   [m]    [1]     [2pi]  [mm]   [.001] [m]   [1]  I   [m]    [1]     [2pi]  [mm]   [.001] [m]   [1]
 ----------------------------------------------------------------------------------------------------------------------------------
   232 BL        17   141.550    5.862 -1.477   3.468  0.0000  0.000  0.042 0.112    5.721  1.475   3.364  0.0000  0.000  0.000 0.000
   233 BR        17   142.300    8.312 -1.779   3.485  0.0000  0.000  0.168 0.223    3.820  1.059   3.390  0.0000  0.000  0.000 0.000
   234 OARC      24   143.300   12.370 -2.280   3.501  0.0000  0.000  0.391 0.223    2.257  0.504   3.445  0.0000  0.000  0.000 0.000
   235 QFH        9   143.550   12.978 -0.116   3.504  0.0000  0.000  0.438 0.151    2.133  0.001   3.463  0.0000  0.000  0.000 0.000
   236 QFH       10   143.800   12.483  2.067   3.507  0.0000  0.000  0.465 0.072    2.256 -0.501   3.482  0.0000  0.000  0.000 0.000
   237 OARC      25   144.800    8.770  1.645   3.522  0.0000  0.000  0.537 0.072    3.814 -1.056   3.537  0.0000  0.000  0.000 0.000
   238 BL        18   145.550    6.471  1.410   3.538  0.0000  0.000  0.631 0.177    5.710 -1.472   3.563  0.0000  0.000  0.000 0.000
   239 BR        18   146.300    4.566  1.122   3.560  0.0000  0.000  0.802 0.280    8.230 -1.888   3.580  0.0000  0.000  0.000 0.000
   240 OARC      26   147.300    2.817  0.627   3.605  0.0000  0.000  1.081 0.280   12.560 -2.442   3.596  0.0000  0.000  0.000 0.000
   241 QDH       13   147.550    2.663  0.000   3.620  0.0000  0.000  1.178 0.497   13.181  0.000   3.599  0.0000  0.000  0.000 0.000
   242 QDH       14   147.800    2.817 -0.627   3.634  0.0000  0.000  1.332 0.738   12.560  2.443   3.602  0.0000  0.000  0.000 0.000
   243 S30       11   147.810    2.830 -0.632   3.635  0.0000  0.000  1.339 0.738   12.511  2.437   3.602  0.0000  0.000  0.000 0.000
   244 S1D        5   148.110    3.254 -0.780   3.651  0.0000  0.000  1.561 0.738   11.098  2.271   3.606  0.0000  0.000  0.000 0.000
   245 LDAS      11   148.800    4.566 -1.122   3.679  0.0000  0.000  2.070 0.738    8.229  1.888   3.618  0.0000  0.000  0.000 0.000
   246 BL        19   149.550    6.471 -1.410   3.701  0.0000  0.000  2.654 0.820    5.708  1.472   3.635  0.0000  0.000  0.000 0.000
   247 BR        19   150.300    8.770 -1.645   3.717  0.0000  0.000  3.297 0.894    3.812  1.056   3.661  0.0000  0.000  0.000 0.000
   248 OARC      27   151.300   12.483 -2.067   3.732  0.0000  0.000  4.191 0.894    2.255  0.501   3.716  0.0000  0.000  0.000 0.000
   249 QFBH       9   151.550   12.978  0.116   3.735  0.0000  0.000  4.322 0.151    2.132 -0.001   3.734  0.0000  0.000  0.000 0.000
   250 QFBH      10   151.800   12.370  2.280   3.739  0.0000  0.000  4.266-0.599    2.256 -0.504   3.753  0.0000  0.000  0.000 0.000
   251 S30       12   151.810   12.325  2.275   3.739  0.0000  0.000  4.260-0.599    2.266 -0.509   3.753  0.0000  0.000  0.000 0.000
   252 S2F        3   152.110   11.005  2.124   3.743  0.0000  0.000  4.080-0.599    2.622 -0.676   3.773  0.0000  0.000  0.000 0.000
   253 LDAS      12   152.800    8.312  1.779   3.754  0.0000  0.000  3.667-0.599    3.819 -1.059   3.808  0.0000  0.000  0.000 0.000
   254 BL        20   153.550    5.862  1.477   3.771  0.0000  0.000  3.243-0.531    5.720 -1.476   3.834  0.0000  0.000  0.000 0.000
   255 BR        20   154.300    3.908  1.119   3.796  0.0000  0.000  2.871-0.458    8.246 -1.893   3.851  0.0000  0.000  0.000 0.000
   256 LDAS      13   154.990    2.638  0.722   3.831  0.0000  0.000  2.555-0.458   11.123 -2.276   3.863  0.0000  0.000  0.000 0.000
   257 S3D        3   155.290    2.257  0.549   3.850  0.0000  0.000  2.418-0.458   12.538 -2.443   3.867  0.0000  0.000  0.000 0.000
   258 S30       13   155.300    2.246  0.543   3.851  0.0000  0.000  2.413-0.458   12.587 -2.448   3.867  0.0000  0.000  0.000 0.000
   259 QDH       15   155.550    2.113  0.000   3.870  0.0000  0.000  2.356 0.000   13.209  0.000   3.870  0.0000  0.000  0.000 0.000
   260 QDH       16   155.800    2.246 -0.543   3.888  0.0000  0.000  2.413 0.458   12.587  2.448   3.873  0.0000  0.000  0.000 0.000
   261 OARC      28   156.800    3.908 -1.119   3.943  0.0000  0.000  2.871 0.458    8.246  1.893   3.888  0.0000  0.000  0.000 0.000
   262 BL        21   157.550    5.862 -1.477   3.968  0.0000  0.000  3.243 0.531    5.720  1.476   3.906  0.0000  0.000  0.000 0.000
   263 BR        21   158.300    8.312 -1.779   3.985  0.0000  0.000  3.667 0.599    3.819  1.059   3.932  0.0000  0.000  0.000 0.000
   264 LDAS      14   158.990   11.005 -2.124   3.996  0.0000  0.000  4.080 0.599    2.622  0.676   3.967  0.0000  0.000  0.000 0.000
   265 S4F        3   159.290   12.325 -2.275   4.001  0.0000  0.000  4.260 0.599    2.266  0.509   3.986  0.0000  0.000  0.000 0.000
   266 S30       14   159.300   12.370 -2.280   4.001  0.0000  0.000  4.266 0.599    2.256  0.504   3.987  0.0000  0.000  0.000 0.000
   267 QFBH      11   159.550   12.978 -0.116   4.004  0.0000  0.000  4.322-0.151    2.132  0.001   4.005  0.0000  0.000  0.000 0.000
   268 QFBH      12   159.800   12.483  2.067   4.007  0.0000  0.000  4.191-0.894    2.255 -0.501   4.024  0.0000  0.000  0.000 0.000
   269 OARC      29   160.800    8.770  1.645   4.022  0.0000  0.000  3.297-0.894    3.812 -1.056   4.079  0.0000  0.000  0.000 0.000
   270 BL        22   161.550    6.471  1.410   4.038  0.0000  0.000  2.654-0.820    5.708 -1.472   4.105  0.0000  0.000  0.000 0.000
   271 BR        22   162.300    4.566  1.122   4.060  0.0000  0.000  2.070-0.738    8.229 -1.888   4.122  0.0000  0.000  0.000 0.000
   272 LDAS      15   162.990    3.254  0.780   4.089  0.0000  0.000  1.561-0.738   11.098 -2.271   4.134  0.0000  0.000  0.000 0.000
   273 S1D        6   163.290    2.830  0.632   4.104  0.0000  0.000  1.339-0.738   12.511 -2.437   4.138  0.0000  0.000  0.000 0.000
   274 S30       15   163.300    2.817  0.627   4.105  0.0000  0.000  1.332-0.738   12.560 -2.443   4.138  0.0000  0.000  0.000 0.000
   275 QDH       17   163.550    2.663  0.000   4.120  0.0000  0.000  1.178-0.497   13.181  0.000   4.141  0.0000  0.000  0.000 0.000
   276 QDH       18   163.800    2.817 -0.627   4.134  0.0000  0.000  1.081-0.280   12.560  2.442   4.144  0.0000  0.000  0.000 0.000
   277 OARC      30   164.800    4.566 -1.122   4.179  0.0000  0.000  0.802-0.280    8.230  1.888   4.160  0.0000  0.000  0.000 0.000
   278 BL        23   165.550    6.471 -1.410   4.201  0.0000  0.000  0.631-0.177    5.710  1.472   4.177  0.0000  0.000  0.000 0.000
1SNS Linac Accumulator Ring                                                        "MAD" Version: 8.23/08   Run: 24/04/09  15.53.35
 Linear lattice functions.    TWISS               line: RING                       range: #S/#E                                   
 Delta(p)/p:     0.000000     symm: F             super:   1                                                             page     7
 ----------------------------------------------------------------------------------------------------------------------------------
      ELEMENT SEQUENCE       I                H O R I Z O N T A L               I                  V E R T I C A L
 pos.  element occ.     dist I   betax  alfax   mux    x(co)  px(co) Dx    Dpx  I   betay  alfay   muy    y(co)  py(co) Dy    Dpy
 no.   name    no.      [m]  I   [m]    [1]     [2pi]  [mm]   [.001] [m]   [1]  I   [m]    [1]     [2pi]  [mm]   [.001] [m]   [1]
 ----------------------------------------------------------------------------------------------------------------------------------
   279 BR        23   166.300    8.770 -1.645   4.217  0.0000  0.000  0.537-0.072    3.814  1.056   4.203  0.0000  0.000  0.000 0.000
   280 OARC      31   167.300   12.483 -2.067   4.232  0.0000  0.000  0.465-0.072    2.256  0.501   4.258  0.0000  0.000  0.000 0.000
   281 QFH       11   167.550   12.978  0.116   4.235  0.0000  0.000  0.438-0.151    2.133 -0.001   4.276  0.0000  0.000  0.000 0.000
   282 QFH       12   167.800   12.370  2.280   4.239  0.0000  0.000  0.391-0.223    2.257 -0.504   4.295  0.0000  0.000  0.000 0.000
   283 OARC      32   168.800    8.312  1.779   4.254  0.0000  0.000  0.168-0.223    3.820 -1.059   4.350  0.0000  0.000  0.000 0.000
 end   L000002    1   168.800    8.312  1.779   4.254  0.0000  0.000  0.168-0.223    3.820 -1.059   4.350  0.0000  0.000  0.000 0.000
 begin L000003    1   168.800    8.312  1.779   4.254  0.0000  0.000  0.168-0.223    3.820 -1.059   4.350  0.0000  0.000  0.000 0.000
   284 BL        24   169.550    5.862  1.477   4.271  0.0000  0.000  0.042-0.112    5.721 -1.475   4.376  0.0000  0.000  0.000 0.000
   285 BR        24   170.300    3.908  1.119   4.296  0.0000  0.000  0.000 0.000    8.246 -1.892   4.393  0.0000  0.000  0.000 0.000
   286 OARC      33   171.300    2.246  0.543   4.351  0.0000  0.000  0.000 0.000   12.586 -2.447   4.409  0.0000  0.000  0.000 0.000
   287 QDMH      11   171.550    2.080  0.129   4.370  0.0000  0.000  0.000 0.000   13.406 -0.799   4.412  0.0000  0.000  0.000 0.000
   288 QDMH      12   171.800    2.115 -0.268   4.389  0.0000  0.000  0.000 0.000   13.367  0.953   4.415  0.0000  0.000  0.000 0.000
   289 O11       13   173.513    4.519 -1.136   4.482  0.0000  0.000  0.000 0.000   10.522  0.708   4.438  0.0000  0.000  0.000 0.000
   290 O11       14   175.225    9.895 -2.004   4.523  0.0000  0.000  0.000 0.000    8.514  0.464   4.467  0.0000  0.000  0.000 0.000
   291 O11       15   176.938   18.245 -2.872   4.544  0.0000  0.000  0.000 0.000    7.344  0.220   4.501  0.0000  0.000  0.000 0.000
   292 O11       16   178.650   29.568 -3.740   4.556  0.0000  0.000  0.000 0.000    7.010 -0.025   4.540  0.0000  0.000  0.000 0.000
   293 QFLH      11   179.000   29.913  2.779   4.557  0.0000  0.000  0.000 0.000    7.596 -1.691   4.548  0.0000  0.000  0.000 0.000
   294 QFLH      12   179.350   25.872  8.470   4.559  0.0000  0.000  0.000 0.000    9.500 -3.886   4.554  0.0000  0.000  0.000 0.000
   295 O2         6   179.750   19.546  7.346   4.562  0.0000  0.000  0.000 0.000   12.880 -4.565   4.560  0.0000  0.000  0.000 0.000
   296 QDCH      11   180.025   16.597  3.557   4.565  0.0000  0.000  0.000 0.000   14.786 -2.248   4.563  0.0000  0.000  0.000 0.000
   297 QDCH      12   180.300   15.498  0.507   4.567  0.0000  0.000  0.000 0.000   15.269  0.520   4.566  0.0000  0.000  0.000 0.000
   298 ORF        1   180.870   14.947  0.461   4.573  0.0000  0.000  0.000 0.000   14.703  0.473   4.572  0.0000  0.000  0.000 0.000
   299 ORF        2   181.440   14.448  0.414   4.580  0.0000  0.000  0.000 0.000   14.192  0.425   4.578  0.0000  0.000  0.000 0.000
   300 RF1        1   183.140   13.273  0.277   4.599  0.0000  0.000  0.000 0.000   12.987  0.284   4.598  0.0000  0.000  0.000 0.000
   301 ORF        3   183.710   12.985  0.230   4.606  0.0000  0.000  0.000 0.000   12.690  0.236   4.605  0.0000  0.000  0.000 0.000
   302 ORF        4   184.280   12.748  0.184   4.613  0.0000  0.000  0.000 0.000   12.448  0.189   4.613  0.0000  0.000  0.000 0.000
   303 RF1        2   185.980   12.357  0.046   4.635  0.0000  0.000  0.000 0.000   12.046  0.047   4.635  0.0000  0.000  0.000 0.000
   304 ORF        5   186.550   12.330  0.000   4.642  0.0000  0.000  0.000 0.000   12.019  0.000   4.642  0.0000  0.000  0.000 0.000
   305 ORF        6   187.120   12.357 -0.046   4.649  0.0000  0.000  0.000 0.000   12.046 -0.047   4.650  0.0000  0.000  0.000 0.000
   306 RF1        3   188.820   12.748 -0.184   4.671  0.0000  0.000  0.000 0.000   12.448 -0.189   4.672  0.0000  0.000  0.000 0.000
   307 ORF        7   189.390   12.985 -0.230   4.678  0.0000  0.000  0.000 0.000   12.690 -0.236   4.679  0.0000  0.000  0.000 0.000
   308 ORF        8   189.960   13.273 -0.277   4.685  0.0000  0.000  0.000 0.000   12.987 -0.284   4.686  0.0000  0.000  0.000 0.000
   309 RF2        1   191.660   14.448 -0.414   4.705  0.0000  0.000  0.000 0.000   14.192 -0.425   4.706  0.0000  0.000  0.000 0.000
   310 ORF        9   192.230   14.947 -0.461   4.711  0.0000  0.000  0.000 0.000   14.703 -0.473   4.713  0.0000  0.000  0.000 0.000
   311 ORF       10   192.800   15.498 -0.507   4.717  0.0000  0.000  0.000 0.000   15.269 -0.520   4.719  0.0000  0.000  0.000 0.000
   312 QDCH      13   193.075   16.597 -3.557   4.720  0.0000  0.000  0.000 0.000   14.786  2.248   4.721  0.0000  0.000  0.000 0.000
   313 QDCH      14   193.350   19.546 -7.346   4.722  0.0000  0.000  0.000 0.000   12.880  4.565   4.725  0.0000  0.000  0.000 0.000
   314 O2         7   193.750   25.872 -8.470   4.725  0.0000  0.000  0.000 0.000    9.500  3.886   4.730  0.0000  0.000  0.000 0.000
   315 QFLH      13   194.100   29.913 -2.779   4.727  0.0000  0.000  0.000 0.000    7.596  1.691   4.737  0.0000  0.000  0.000 0.000
   316 QFLH      14   194.450   29.568  3.740   4.729  0.0000  0.000  0.000 0.000    7.010  0.025   4.745  0.0000  0.000  0.000 0.000
   317 O11       17   196.163   18.245  2.872   4.740  0.0000  0.000  0.000 0.000    7.344 -0.220   4.783  0.0000  0.000  0.000 0.000
   318 O11       18   197.875    9.895  2.004   4.761  0.0000  0.000  0.000 0.000    8.514 -0.464   4.818  0.0000  0.000  0.000 0.000
   319 O11       19   199.588    4.519  1.136   4.802  0.0000  0.000  0.000 0.000   10.522 -0.708   4.847  0.0000  0.000  0.000 0.000
   320 O11       20   201.300    2.115  0.268   4.895  0.0000  0.000  0.000 0.000   13.367 -0.953   4.870  0.0000  0.000  0.000 0.000
   321 QDMH      13   201.550    2.080 -0.129   4.914  0.0000  0.000  0.000 0.000   13.406  0.799   4.873  0.0000  0.000  0.000 0.000
   322 QDMH      14   201.800    2.246 -0.543   4.933  0.0000  0.000  0.000 0.000   12.586  2.447   4.876  0.0000  0.000  0.000 0.000
   323 OARC      34   202.800    3.908 -1.119   4.988  0.0000  0.000  0.000 0.000    8.246  1.892   4.892  0.0000  0.000  0.000 0.000
1SNS Linac Accumulator Ring                                                        "MAD" Version: 8.23/08   Run: 24/04/09  15.53.35
 Linear lattice functions.    TWISS               line: RING                       range: #S/#E                                   
 Delta(p)/p:     0.000000     symm: F             super:   1                                                             page     8
 ----------------------------------------------------------------------------------------------------------------------------------
      ELEMENT SEQUENCE       I                H O R I Z O N T A L               I                  V E R T I C A L
 pos.  element occ.     dist I   betax  alfax   mux    x(co)  px(co) Dx    Dpx  I   betay  alfay   muy    y(co)  py(co) Dy    Dpy
 no.   name    no.      [m]  I   [m]    [1]     [2pi]  [mm]   [.001] [m]   [1]  I   [m]    [1]     [2pi]  [mm]   [.001] [m]   [1]
 ----------------------------------------------------------------------------------------------------------------------------------
   324 BL        25   203.550    5.862 -1.477   5.013  0.0000  0.000  0.042 0.112    5.721  1.475   4.909  0.0000  0.000  0.000 0.000
   325 BR        25   204.300    8.312 -1.779   5.030  0.0000  0.000  0.168 0.223    3.820  1.059   4.935  0.0000  0.000  0.000 0.000
   326 OARC      35   205.300   12.370 -2.280   5.046  0.0000  0.000  0.391 0.223    2.257  0.504   4.990  0.0000  0.000  0.000 0.000
   327 QFH       13   205.550   12.978 -0.116   5.049  0.0000  0.000  0.438 0.151    2.133  0.001   5.008  0.0000  0.000  0.000 0.000
   328 QFH       14   205.800   12.483  2.067   5.052  0.0000  0.000  0.465 0.072    2.256 -0.501   5.027  0.0000  0.000  0.000 0.000
   329 OARC      36   206.800    8.770  1.645   5.067  0.0000  0.000  0.537 0.072    3.814 -1.056   5.082  0.0000  0.000  0.000 0.000
   330 BL        26   207.550    6.471  1.410   5.083  0.0000  0.000  0.631 0.177    5.710 -1.472   5.108  0.0000  0.000  0.000 0.000
   331 BR        26   208.300    4.566  1.122   5.105  0.0000  0.000  0.802 0.280    8.230 -1.888   5.125  0.0000  0.000  0.000 0.000
   332 OARC      37   209.300    2.817  0.627   5.150  0.0000  0.000  1.081 0.280   12.560 -2.442   5.141  0.0000  0.000  0.000 0.000
   333 QDH       19   209.550    2.663  0.000   5.165  0.0000  0.000  1.178 0.497   13.181  0.000   5.144  0.0000  0.000  0.000 0.000
   334 QDH       20   209.800    2.817 -0.627   5.179  0.0000  0.000  1.332 0.738   12.560  2.443   5.147  0.0000  0.000  0.000 0.000
   335 S30       16   209.810    2.830 -0.632   5.180  0.0000  0.000  1.339 0.738   12.511  2.437   5.147  0.0000  0.000  0.000 0.000
   336 S1D        7   210.110    3.254 -0.780   5.196  0.0000  0.000  1.561 0.738   11.098  2.271   5.151  0.0000  0.000  0.000 0.000
   337 LDAS      16   210.800    4.566 -1.122   5.224  0.0000  0.000  2.070 0.738    8.229  1.888   5.163  0.0000  0.000  0.000 0.000
   338 BL        27   211.550    6.471 -1.410   5.246  0.0000  0.000  2.654 0.820    5.708  1.472   5.180  0.0000  0.000  0.000 0.000
   339 BR        27   212.300    8.770 -1.645   5.262  0.0000  0.000  3.297 0.894    3.812  1.056   5.206  0.0000  0.000  0.000 0.000
   340 OARC      38   213.300   12.483 -2.067   5.277  0.0000  0.000  4.191 0.894    2.255  0.501   5.261  0.0000  0.000  0.000 0.000
   341 QFBH      13   213.550   12.978  0.116   5.280  0.0000  0.000  4.322 0.151    2.132 -0.001   5.279  0.0000  0.000  0.000 0.000
   342 QFBH      14   213.800   12.370  2.280   5.284  0.0000  0.000  4.266-0.599    2.256 -0.504   5.298  0.0000  0.000  0.000 0.000
   343 S30       17   213.810   12.325  2.275   5.284  0.0000  0.000  4.260-0.599    2.266 -0.509   5.298  0.0000  0.000  0.000 0.000
   344 S2F        4   214.110   11.005  2.124   5.288  0.0000  0.000  4.080-0.599    2.622 -0.676   5.318  0.0000  0.000  0.000 0.000
   345 LDAS      17   214.800    8.312  1.779   5.299  0.0000  0.000  3.667-0.599    3.819 -1.059   5.353  0.0000  0.000  0.000 0.000
   346 BL        28   215.550    5.862  1.477   5.316  0.0000  0.000  3.243-0.531    5.720 -1.476   5.379  0.0000  0.000  0.000 0.000
   347 BR        28   216.300    3.908  1.119   5.341  0.0000  0.000  2.871-0.458    8.246 -1.893   5.396  0.0000  0.000  0.000 0.000
   348 LDAS      18   216.990    2.638  0.722   5.376  0.0000  0.000  2.555-0.458   11.123 -2.276   5.408  0.0000  0.000  0.000 0.000
   349 S3D        4   217.290    2.257  0.549   5.395  0.0000  0.000  2.418-0.458   12.538 -2.443   5.412  0.0000  0.000  0.000 0.000
   350 S30       18   217.300    2.246  0.543   5.396  0.0000  0.000  2.413-0.458   12.587 -2.448   5.412  0.0000  0.000  0.000 0.000
   351 QDH       21   217.550    2.113  0.000   5.415  0.0000  0.000  2.356 0.000   13.209  0.000   5.415  0.0000  0.000  0.000 0.000
   352 QDH       22   217.800    2.246 -0.543   5.433  0.0000  0.000  2.413 0.458   12.587  2.448   5.418  0.0000  0.000  0.000 0.000
   353 OARC      39   218.800    3.908 -1.119   5.488  0.0000  0.000  2.871 0.458    8.246  1.893   5.433  0.0000  0.000  0.000 0.000
   354 BL        29   219.550    5.862 -1.477   5.513  0.0000  0.000  3.243 0.531    5.720  1.476   5.451  0.0000  0.000  0.000 0.000
   355 BR        29   220.300    8.312 -1.779   5.530  0.0000  0.000  3.667 0.599    3.819  1.059   5.477  0.0000  0.000  0.000 0.000
   356 LDAS      19   220.990   11.005 -2.124   5.541  0.0000  0.000  4.080 0.599    2.622  0.676   5.512  0.0000  0.000  0.000 0.000
   357 S4F        4   221.290   12.325 -2.275   5.546  0.0000  0.000  4.260 0.599    2.266  0.509   5.531  0.0000  0.000  0.000 0.000
   358 S30       19   221.300   12.370 -2.280   5.546  0.0000  0.000  4.266 0.599    2.256  0.504   5.532  0.0000  0.000  0.000 0.000
   359 QFBH      15   221.550   12.978 -0.116   5.549  0.0000  0.000  4.322-0.151    2.132  0.001   5.550  0.0000  0.000  0.000 0.000
   360 QFBH      16   221.800   12.483  2.067   5.552  0.0000  0.000  4.191-0.894    2.255 -0.501   5.569  0.0000  0.000  0.000 0.000
   361 OARC      40   222.800    8.770  1.645   5.567  0.0000  0.000  3.297-0.894    3.812 -1.056   5.624  0.0000  0.000  0.000 0.000
   362 BL        30   223.550    6.471  1.410   5.583  0.0000  0.000  2.654-0.820    5.708 -1.472   5.650  0.0000  0.000  0.000 0.000
   363 BR        30   224.300    4.566  1.122   5.605  0.0000  0.000  2.070-0.738    8.229 -1.888   5.667  0.0000  0.000  0.000 0.000
   364 LDAS      20   224.990    3.254  0.780   5.634  0.0000  0.000  1.561-0.738   11.098 -2.271   5.679  0.0000  0.000  0.000 0.000
   365 S1D        8   225.290    2.830  0.632   5.649  0.0000  0.000  1.339-0.738   12.511 -2.437   5.683  0.0000  0.000  0.000 0.000
   366 S30       20   225.300    2.817  0.627   5.650  0.0000  0.000  1.332-0.738   12.560 -2.443   5.683  0.0000  0.000  0.000 0.000
   367 QDH       23   225.550    2.663  0.000   5.665  0.0000  0.000  1.178-0.497   13.181  0.000   5.686  0.0000  0.000  0.000 0.000
   368 QDH       24   225.800    2.817 -0.627   5.679  0.0000  0.000  1.081-0.280   12.560  2.442   5.689  0.0000  0.000  0.000 0.000
   369 OARC      41   226.800    4.566 -1.122   5.724  0.0000  0.000  0.802-0.280    8.230  1.888   5.705  0.0000  0.000  0.000 0.000
   370 BL        31   227.550    6.471 -1.410   5.746  0.0000  0.000  0.631-0.177    5.710  1.472   5.722  0.0000  0.000  0.000 0.000
1SNS Linac Accumulator Ring                                                        "MAD" Version: 8.23/08   Run: 24/04/09  15.53.35
 Linear lattice functions.    TWISS               line: RING                       range: #S/#E                                   
 Delta(p)/p:     0.000000     symm: F             super:   1                                                             page     9
 ----------------------------------------------------------------------------------------------------------------------------------
      ELEMENT SEQUENCE       I                H O R I Z O N T A L               I                  V E R T I C A L
 pos.  element occ.     dist I   betax  alfax   mux    x(co)  px(co) Dx    Dpx  I   betay  alfay   muy    y(co)  py(co) Dy    Dpy
 no.   name    no.      [m]  I   [m]    [1]     [2pi]  [mm]   [.001] [m]   [1]  I   [m]    [1]     [2pi]  [mm]   [.001] [m]   [1]
 ----------------------------------------------------------------------------------------------------------------------------------
   371 BR        31   228.300    8.770 -1.645   5.762  0.0000  0.000  0.537-0.072    3.814  1.056   5.748  0.0000  0.000  0.000 0.000
   372 OARC      42   229.300   12.483 -2.067   5.777  0.0000  0.000  0.465-0.072    2.256  0.501   5.803  0.0000  0.000  0.000 0.000
   373 QFH       15   229.550   12.978  0.116   5.780  0.0000  0.000  0.438-0.151    2.133 -0.001   5.821  0.0000  0.000  0.000 0.000
   374 QFH       16   229.800   12.370  2.280   5.784  0.0000  0.000  0.391-0.223    2.257 -0.504   5.840  0.0000  0.000  0.000 0.000
   375 OARC      43   230.800    8.312  1.779   5.799  0.0000  0.000  0.168-0.223    3.820 -1.059   5.895  0.0000  0.000  0.000 0.000
   376 BL        32   231.550    5.862  1.477   5.816  0.0000  0.000  0.042-0.112    5.721 -1.475   5.921  0.0000  0.000  0.000 0.000
   377 BR        32   232.300    3.908  1.119   5.841  0.0000  0.000  0.000 0.000    8.246 -1.892   5.938  0.0000  0.000  0.000 0.000
   378 OARC      44   233.300    2.246  0.543   5.896  0.0000  0.000  0.000 0.000   12.586 -2.447   5.954  0.0000  0.000  0.000 0.000
   379 QDMH      15   233.550    2.080  0.129   5.915  0.0000  0.000  0.000 0.000   13.406 -0.799   5.957  0.0000  0.000  0.000 0.000
   380 QDMH      16   233.800    2.115 -0.268   5.934  0.0000  0.000  0.000 0.000   13.367  0.953   5.960  0.0000  0.000  0.000 0.000
   381 O11       21   235.513    4.519 -1.136   6.027  0.0000  0.000  0.000 0.000   10.522  0.708   5.983  0.0000  0.000  0.000 0.000
   382 O11       22   237.225    9.895 -2.004   6.068  0.0000  0.000  0.000 0.000    8.514  0.464   6.012  0.0000  0.000  0.000 0.000
   383 O11       23   238.938   18.245 -2.872   6.089  0.0000  0.000  0.000 0.000    7.344  0.220   6.046  0.0000  0.000  0.000 0.000
   384 O11       24   240.650   29.568 -3.740   6.101  0.0000  0.000  0.000 0.000    7.010 -0.025   6.085  0.0000  0.000  0.000 0.000
   385 QFLH      15   241.000   29.913  2.779   6.102  0.0000  0.000  0.000 0.000    7.596 -1.691   6.093  0.0000  0.000  0.000 0.000
   386 QFLH      16   241.350   25.872  8.470   6.104  0.0000  0.000  0.000 0.000    9.500 -3.886   6.099  0.0000  0.000  0.000 0.000
   387 O2         8   241.750   19.546  7.346   6.107  0.0000  0.000  0.000 0.000   12.880 -4.565   6.105  0.0000  0.000  0.000 0.000
   388 QDCH      15   242.025   16.597  3.557   6.110  0.0000  0.000  0.000 0.000   14.786 -2.248   6.108  0.0000  0.000  0.000 0.000
   389 QDCH      16   242.300   15.498  0.507   6.112  0.0000  0.000  0.000 0.000   15.269  0.520   6.111  0.0000  0.000  0.000 0.000
   390 OINJ1      1   243.013   14.817  0.449   6.120  0.0000  0.000  0.000 0.000   14.570  0.461   6.119  0.0000  0.000  0.000 0.000
   391 OINJ1      2   243.725   14.218  0.391   6.128  0.0000  0.000  0.000 0.000   13.956  0.401   6.127  0.0000  0.000  0.000 0.000
   392 OINJ1      3   244.438   13.702  0.334   6.136  0.0000  0.000  0.000 0.000   13.426  0.342   6.135  0.0000  0.000  0.000 0.000
   393 OINJ1      4   245.150   13.268  0.276   6.144  0.0000  0.000  0.000 0.000   12.981  0.283   6.143  0.0000  0.000  0.000 0.000
   394 OINJ1      5   245.863   12.916  0.218   6.153  0.0000  0.000  0.000 0.000   12.620  0.224   6.152  0.0000  0.000  0.000 0.000
   395 OINJ1      6   246.575   12.647  0.160   6.162  0.0000  0.000  0.000 0.000   12.344  0.164   6.161  0.0000  0.000  0.000 0.000
   396 OINJ1      7   247.288   12.460  0.102   6.171  0.0000  0.000  0.000 0.000   12.152  0.105   6.171  0.0000  0.000  0.000 0.000
   397 OINJ1      8   248.000   12.355  0.045   6.180  0.0000  0.000  0.000 0.000   12.044  0.046   6.180  0.0000  0.000  0.000 0.000
 end   L000003    1   248.000   12.355  0.045   6.180  0.0000  0.000  0.000 0.000   12.044  0.046   6.180  0.0000  0.000  0.000 0.000
 end   RING       1   248.000   12.355  0.045   6.180  0.0000  0.000  0.000 0.000   12.044  0.046   6.180  0.0000  0.000  0.000 0.000
 ----------------------------------------------------------------------------------------------------------------------------------
 total length =        248.000000          Qx           =          6.180000          Qy           =          6.180000
 delta(s)     =          0.000000 mm       Qx'          =         -1.271405          Qy'          =         -1.044288
 alfa         =          0.366620E-01      betax(max)   =         29.912658          betay(max)   =         15.269168
 gamma(tr)    =          5.222665          Dx(max)      =          4.321923          Dy(max)      =          0.000000
                                           Dx(r.m.s.)   =          1.844884          Dy(r.m.s.)   =          0.000000
                                           xco(max)     =          0.000000          yco(max)     =          0.000000
                                           xco(r.m.s.)  =          0.000000          yco(r.m.s.)  =          0.000000
 ----------------------------------------------------------------------------------------------------------------------------------
