27.736  -2.28621  31.0007  -2.61716  -1.70961  0.000605212
30.5739  -2.28339  38.2513  -2.41634  0.716868  0.000164528
31.1967  -2.19809  31.9358  -2.46327  1.09667  0.00205532
26.1734  -2.41618  29.1263  -2.83114  -0.588941  -0.000574257
25.939  -2.55501  28.0329  -2.60766  1.11765  -0.00150905
25.8366  -2.6184  26.4415  -2.44203  0.844614  -0.00211521
29.9669  -2.24774  30.201  -2.23578  0.987181  0.00215328
29.0211  -2.26195  28.8024  -2.55288  -1.88453  -9.00841e-06
28.4544  -2.33909  30.0076  -2.55152  0.155728  0.000735103
25.8978  -2.28327  27.0343  -2.5693  0.301983  -0.0020879
28.1317  -2.38306  26.7227  -2.45017  -1.89627  0.000912997
28.0534  -2.12693  27.9495  -2.47186  -1.08984  0.000532481
24.316  -2.51402  27.1472  -2.72033  -1.98032  -0.00169441
27.7345  -2.32083  30.1942  -2.5893  -1.47685  0.000610372
26.1284  -2.38022  31.4005  -2.65722  1.43102  -0.000482101
29.0158  -2.30005  32.476  -2.53975  0.877978  0.00119996
30.7321  -2.2586  30.7606  -2.56202  -0.309239  0.00171777
26.9127  -2.27463  30.1171  -2.39715  -1.41315  -0.00209874
26.7306  -2.04817  30.502  -2.34091  -0.200744  0.00120426
26.2474  -2.56518  28.6807  -2.46416  1.71273  0.000306053
25.3895  -2.48364  26.6674  -2.46413  -1.04537  -0.00146636
29.4005  -2.17234  31.0065  -2.39437  -0.892677  0.00170625
27.0978  -2.3112  32.6571  -2.45557  0.751545  0.000974758
27.6823  -2.20979  29.873  -2.46266  -1.5687  0.00274347
27.7833  -2.26356  27.9934  -2.64371  0.762316  0.000402379
26.3083  -2.29279  27.9651  -2.68054  1.9082  -0.000592143
26.437  -2.13484  30.0849  -2.5436  1.28347  0.00132276
27.2601  -2.22324  29.6661  -2.33912  -2.0903  -0.000420743
31.295  -2.32948  29.2132  -2.48597  0.950976  0.00164489
26.6251  -2.33954  31.8983  -2.57254  2.08973  0.00126411
27.4717  -2.36006  32.3123  -2.6553  -0.462949  0.00197932
30.5637  -2.19781  30.8065  -2.3453  0.421429  0.00211012
28.767  -2.30484  26.7612  -2.6408  0.0613  -0.000895465
24.4114  -2.48647  30.4551  -2.62145  -0.46393  -0.00200189
29.3059  -2.46692  30.4033  -2.62483  2.04408  -0.000138221
24.1119  -2.36934  28.0193  -2.33901  -1.43226  -0.00162625
28.2518  -2.34659  31.1566  -2.53969  0.894343  -0.000322733
26.8772  -2.28703  29.8752  -2.6468  -0.756716  -0.000754351
26.2297  -2.16867  28.9464  -2.58683  -1.03019  -0.00060996
27.2812  -2.3109  28.6862  -2.4786  0.369145  -0.000592046
26.043  -2.43906  30.4074  -2.38663  0.0727309  -0.000991856
26.8757  -2.17301  29.3532  -2.31657  -0.713607  0.000217101
28.8598  -2.3919  30.9612  -2.39595  1.50672  0.00273868
26.2443  -2.12534  30.5255  -2.59761  -1.4655  0.00136259
26.1958  -2.23798  29.0095  -2.41279  0.87063  -1.05018e-05
26.9105  -2.26646  29.6284  -2.70097  0.119995  -0.000390668
28.7393  -2.20026  28.7074  -2.45703  0.756371  5.72771e-05
26.9477  -2.61506  26.7342  -2.51854  0.780004  -0.000442823
27.2637  -2.56351  28.3865  -2.36177  0.370038  -0.00100069
25.3754  -2.30206  26.393  -2.74543  1.39928  -0.00174002
27.1757  -2.15291  27.8207  -2.55443  -0.923082  -0.000509081
25.6339  -2.20807  31.8294  -2.56576  -1.46614  0.00172451
26.4272  -2.54164  28.7267  -2.72019  -1.56606  -0.00089252
25.955  -2.29341  29.2434  -2.48832  1.41817  -0.00219909
27.7776  -2.26341  25.5759  -2.42622  -1.60536  -0.000803157
27.5437  -2.33978  29.0354  -2.79606  -1.57639  -4.19646e-05
26.6421  -2.12757  33.9695  -2.40434  -0.514684  0.00220437
26.6879  -2.19455  28.8049  -2.43551  -0.266049  -0.000212376
30.7392  -2.37108  30.2303  -2.41176  -1.35847  0.00151701
25.234  -2.17903  29.5917  -2.62015  -1.96985  -0.000402093
27.6427  -2.11457  29.9417  -2.38098  1.04344  0.000839501
27.2974  -2.4412  28.9987  -2.3675  -0.715785  -0.000225145
27.0056  -2.31197  29.9169  -2.49655  -1.02628  -9.97789e-05
26.8452  -2.49384  26.6335  -2.46959  1.94989  -0.00312451
25.929  -2.13549  30.1993  -2.32646  -2.01929  0.000148175
26.8814  -2.27075  28.7278  -2.57714  -1.37505  -0.00167032
24.1108  -2.25899  27.4794  -2.49876  0.489933  -0.00166457
27.9337  -2.31969  27.8691  -2.5186  -0.989654  -0.000284969
29.0641  -2.32694  30.1457  -2.59425  -0.881459  0.00109333
29.5372  -2.33102  28.78  -2.71922  -1.08708  -9.24372e-05
27.5204  -2.08731  29.434  -2.2903  1.94146  2.89566e-05
27.1898  -2.14012  31.7658  -2.69129  0.441979  0.000541281
24.9476  -2.39119  30.0605  -2.54038  0.689876  6.78732e-05
28.3305  -2.30531  30.8206  -2.51471  1.08133  0.000595214
26.4959  -2.41306  30.6817  -2.3671  1.79725  0.000542292
26.63  -2.39462  29.2078  -2.7295  -1.12239  0.000239484
28.1396  -2.39261  30.4343  -2.53795  1.99855  0.00071123
28.3733  -2.43554  30.5874  -2.32095  -0.134056  0.000487031
28.6166  -2.48598  29.4108  -2.57378  1.34495  0.00136626
30.5539  -2.03884  34.3129  -2.65245  -0.270509  0.00349689
30.3479  -2.51498  29.8841  -2.61296  1.09716  0.00220228
27.7473  -2.45237  27.7173  -2.42757  1.75713  -0.00113141
28.7983  -2.47548  28.9248  -2.54074  0.0712441  -0.000395687
27.0994  -2.08447  31.2373  -2.72628  0.35983  0.000664145
26.5453  -2.26412  27.2882  -2.42552  -0.036899  -0.00177536
31.0536  -2.47845  30.3458  -2.39569  0.69831  0.00181459
24.3655  -2.34528  29.7186  -2.53566  -0.386017  -0.00144181
26.0175  -2.36309  29.3228  -2.50965  1.38729  0.000426708
26.4756  -2.30869  27.7753  -2.38765  1.83613  -0.000343541
27.446  -2.19026  31.383  -2.6113  -0.291288  2.41959e-05
26.1409  -2.34403  32.4871  -2.51683  -0.550088  -0.000475071
28.0027  -2.07923  29.92  -2.31996  -0.676422  4.61385e-05
25.1381  -2.59866  26.6202  -2.59722  -0.0602579  -0.00153454
27.1966  -2.19611  31.2559  -2.48418  1.34474  0.000829521
25.9753  -2.15206  30.397  -2.55314  0.299455  0.000558367
26.703  -2.4526  29.0078  -2.36508  -1.84273  0.000385062
29.5416  -2.24837  30.2448  -2.50313  0.107209  0.000478732
23.5849  -2.39666  27.9885  -2.60228  1.60908  -0.00206293
27.5926  -2.37794  30.4797  -2.64557  0.0810035  9.67411e-05
29.9636  -2.39063  29.5056  -2.41751  -0.349106  0.000793827
26.4253  -2.41833  29.7774  -2.43803  0.335527  -0.00109272
26.0622  -2.19304  27.6362  -2.37864  1.51475  0.000102037
25.1013  -2.34484  28.6077  -2.59945  1.5864  -0.00144547
26.993  -2.37226  27.5996  -2.55849  -0.0563683  -0.000264533
26.2772  -2.42844  26.1905  -2.56571  -0.38383  -0.000853284
25.9119  -2.59059  28.2438  -2.58061  -0.550469  -0.00180571
30.5054  -2.08331  32.0784  -2.4963  -0.494871  0.00239362
28.7336  -2.22113  31.6734  -2.39998  0.419342  0.000207616
26.6665  -2.15651  30.9841  -2.62982  0.614133  -0.000489979
26.9816  -2.3855  30.5429  -2.39642  0.698702  0.000367948
23.9808  -2.56389  25.7762  -2.41989  1.48656  -0.00250958
27.7818  -2.35562  27.5814  -2.47896  -1.88856  -0.00211628
26.7175  -2.07832  32.0815  -2.51889  -0.752083  0.000875237
25.7585  -2.41452  27.2825  -2.46947  -0.174728  -0.00110916
24.4302  -2.3618  27.1801  -2.56315  1.43256  0.00033784
29.6844  -2.11468  31.0509  -2.25486  1.3381  0.00049639
26.7165  -2.43266  29.7435  -2.4846  2.02025  -0.00121912
26.1872  -2.30134  28.9369  -2.43547  0.69272  -0.000236585
26.1353  -2.21954  30.2552  -2.46176  -1.33602  0.000813755
29.6803  -2.42169  28.7738  -2.2823  0.144176  0.0023876
26.0447  -2.46666  32.6425  -2.49013  0.109652  0.000123386
27.2715  -2.15574  31.2255  -2.3601  -0.242998  0.00199988
29.0725  -2.38856  30.6635  -2.63235  0.919666  0.00131855
30.161  -2.04798  29.9107  -2.3324  1.48593  0.00181221
26.68  -2.29045  29.141  -2.46388  0.676382  -0.000146498
28.6953  -2.34502  32.5125  -2.62133  -2.07216  0.00149174
27.3265  -2.31079  29.9968  -2.53093  -0.240095  -0.00019369
26.765  -2.08826  31.9488  -2.44278  0.289488  0.00124168
26.1502  -2.25757  26.9066  -2.34206  -1.3536  -0.00207085
28.2205  -2.30965  28.9042  -2.48453  1.93314  -0.000222593
28.9136  -2.13386  29.7422  -2.77369  -2.06514  0.000203164
29.719  -2.49117  31.0687  -2.73528  0.956612  -0.00021616
29.4052  -2.22276  33.3289  -2.50703  -2.00218  0.00281194
26.4382  -2.43984  30.0666  -2.5201  0.619552  0.000945899
27.1362  -2.43211  30.7175  -2.4884  0.33289  -0.000444301
24.3571  -2.31152  30.7772  -2.70499  -1.40362  -0.0014621
27.934  -2.30084  32.3814  -2.52447  1.14305  0.00170826
29.3886  -2.25788  31.5062  -2.45952  -1.5207  0.00075972
27.3794  -2.30442  29.6851  -2.34678  1.04826  -0.000316014
25.6047  -2.26014  29.2025  -2.59314  -1.43484  -0.00142891
26.0113  -2.43368  29.4435  -2.44221  -0.446016  -0.000259913
27.2772  -2.33593  31.8072  -2.38666  1.45938  0.0015798
27.8206  -2.39087  29.6638  -2.34069  -0.980676  0.00212188
27.8047  -2.51713  29.0464  -2.51486  -0.261663  -0.00135607
25.5341  -2.62548  25.2112  -2.68712  -0.61698  -0.00185318
28.8625  -2.18923  28.6422  -2.78677  -1.45541  0.00017685
27.7461  -2.36323  32.4094  -2.61365  -2.02109  0.00152079
27.0955  -2.55339  27.4042  -2.60088  -1.64048  -0.00147518
28.5113  -2.47077  34.5861  -2.43548  -1.14316  0.00347287
26.3607  -2.47625  26.834  -2.63886  -0.359446  -0.00293027
26.4139  -2.23931  26.7634  -2.35315  2.04055  -0.000415224
27.7263  -2.50188  30.4284  -2.61528  1.02505  -0.000552192
25.1268  -2.05033  28.7758  -2.33962  1.98883  -0.00156168
25.0551  -2.47732  28.9522  -2.54646  -1.00886  -7.39772e-05
27.6099  -2.351  27.5161  -2.45149  1.24807  -0.000311516
25.4887  -2.26213  29.8127  -2.61554  0.056999  -0.000446265
25.9942  -2.32757  28.4908  -2.65125  0.792511  -0.000214182
27.9578  -2.55378  28.5054  -2.54519  1.67316  -0.000726863
28.1892  -2.27244  28.1675  -2.47563  -1.52122  0.000879344
28.9016  -2.22423  30.2456  -2.56707  -2.09377  0.000714756
26.8196  -2.5371  28.3498  -2.56939  -1.25993  -0.000977378
29.2349  -2.30363  29.3181  -2.48406  2.09023  0.000541666
25.3334  -2.233  29.456  -2.42463  -0.379109  -0.000993069
26.5833  -2.31039  29.8249  -2.55451  -0.761054  0.00128029
26.3055  -2.21188  30.6199  -2.40063  0.476989  0.000359198
28.3242  -2.44604  29.9343  -2.36931  0.232355  9.71074e-06
27.872  -2.29955  31.3526  -2.59604  0.453085  -0.000625178
30.8139  -2.17814  28.631  -2.60162  1.02048  0.00238224
24.7466  -2.44443  29.4869  -2.50925  0.775542  0.000190878
27.6451  -2.4798  28.9433  -2.69943  1.98272  -0.000608713
25.1312  -2.27706  29.6644  -2.40653  0.13353  7.67783e-07
28.5288  -2.13365  31.5217  -2.56852  -1.26326  0.00114563
29.9495  -2.49824  30.2538  -2.55355  0.927562  0.000846906
28.9642  -2.26264  28.6353  -2.59206  1.31599  0.00037974
29.3585  -2.01982  31.9911  -2.63716  -0.753243  0.0033464
29.6204  -2.3846  32.0557  -2.43188  0.636159  0.000980504
26.2283  -2.45888  28.6028  -2.48536  1.7642  -0.00106394
29.6213  -2.34224  30.4754  -2.37247  -1.06816  0.00259448
24.6327  -2.59518  29.4322  -2.48764  0.412824  -0.00287195
24.541  -2.24717  27.9443  -2.52098  1.83115  -0.00261273
28.811  -2.40538  28.1855  -2.68296  -0.0539139  -0.000299419
23.8407  -2.38445  30.5617  -2.52352  -1.70948  -0.0017037
25.8432  -2.27021  30.7311  -2.68406  -1.37169  -0.00028892
26.968  -2.16076  31.0621  -2.28073  0.270481  0.00253992
27.6816  -2.29942  29.5512  -2.65859  -0.695548  -0.00179934
25.773  -2.35394  29.3551  -2.73785  -0.68988  -0.00090147
25.1748  -2.44293  28.7866  -2.44416  -1.50472  -0.00248329
24.0255  -2.56024  27.3235  -2.49424  -0.908906  -0.00200795
24.5219  -2.24029  26.1566  -2.32495  -1.91831  -0.000694697
26.7327  -2.48589  29.497  -2.56031  2.06243  -0.00254788
28.9059  -2.19854  31.2924  -2.49652  2.03187  0.00219996
28.1875  -2.40476  32.2349  -2.4124  -1.86649  0.0020954
26.3804  -2.29808  30.4312  -2.43345  1.99003  0.00168534
28.7245  -2.3288  29.4789  -2.61103  -1.00057  0.000847539
25.7821  -2.37692  29.8242  -2.5163  -0.00197229  0.00131808
27.4989  -2.4749  29.2616  -2.60176  -0.254856  0.000917
28.2867  -2.3338  29.2882  -2.82232  -1.13641  -0.000553786
28.4157  -2.1848  29.1256  -2.50024  0.0923253  0.000542749
26.6821  -2.54778  28.1915  -2.55871  1.9666  0.000995494
26.0662  -2.26736  29.1879  -2.54128  1.28409  0.000845378
27.9657  -2.40212  31.0704  -2.4633  -0.522749  0.00126752
25.089  -2.25907  27.3619  -2.31181  1.22952  -0.00110054
24.6512  -2.43427  28.2283  -2.42909  -1.21274  -0.00198345
28.0527  -2.217  29.3321  -2.26334  -0.376855  -0.000289612
29.0317  -1.96632  32.2752  -2.29759  0.664519  0.00144165
28.2589  -2.50857  27.5746  -2.79278  -0.512706  -0.00131299
28.5537  -2.08496  29.5268  -2.40872  -1.41896  0.00193642
26.561  -2.51007  31.3199  -2.64268  1.29057  0.00116885
23.6463  -2.48585  29.0286  -2.53324  0.377207  -0.00197083
29.9534  -2.23417  32.7687  -2.6238  0.319786  0.00158384
29.1726  -2.04683  33.2371  -2.27063  -1.37215  0.00260506
26.73  -2.1976  29.1825  -2.41173  0.208706  3.31959e-05
27.2337  -2.3773  29.1641  -2.51302  0.759666  -2.67197e-06
26.8384  -2.2804  29.6246  -2.37327  0.428002  -0.000762615
27.7156  -2.15678  29.7442  -2.711  -0.868518  0.00117247
28.1923  -2.47265  29.5766  -2.58746  -1.05886  -0.000851661
24.0311  -2.50322  25.9767  -2.78942  0.835785  -0.00237437
28.7187  -2.10751  28.9712  -2.65638  -1.91264  0.000167217
24.2959  -2.23276  29.9198  -2.27719  0.0714701  0.000120988
26.6377  -2.44303  32.6496  -2.5822  -1.71088  0.00151247
25.8811  -2.40687  30.1001  -2.50329  -1.55068  0.00157247
26.8994  -2.21321  28.3342  -2.48667  -1.22606  -0.000370355
28.5289  -2.33674  29.9614  -2.31631  1.16011  0.000513451
29.761  -2.20175  31.9593  -2.39629  1.99923  0.00364622
28.0111  -2.4942  28.9885  -2.44095  1.9815  0.000379625
27.3247  -2.23123  31.9424  -2.44537  -1.04595  0.00186962
30.8642  -2.15878  31.9915  -2.54158  -2.01134  0.00297343
26.8461  -2.38174  28.7656  -2.71972  -1.7309  0.000264629
28.9659  -2.54303  29.3263  -2.5872  -0.296827  0.000624078
29.3116  -2.31363  29.4657  -2.56201  0.404209  0.00112946
28.3456  -2.48237  29.4348  -2.5809  1.32878  0.00120845
26.6811  -2.3385  30.8904  -2.51606  1.01241  0.0016426
26.3975  -2.28363  26.3672  -2.52719  -0.201552  -0.00201855
23.9849  -2.33009  27.8228  -2.61127  1.51554  -0.00178379
25.8621  -2.43089  29.0841  -2.53477  0.525138  0.000571749
26.591  -2.24696  27.9818  -2.57236  0.538528  -0.00271744
26.0736  -2.30902  28.9646  -2.46869  -1.00881  -0.00158276
24.5781  -2.26041  31.5093  -2.53163  0.514663  -0.000166633
25.1578  -2.51538  25.8176  -2.59783  0.590162  -0.00256528
28.8668  -2.24421  29.8349  -2.53249  -0.927419  -6.83663e-05
26.6547  -2.28464  29.2865  -2.55788  0.551627  0.000855791
27.5826  -2.35578  31.4037  -2.55592  -1.1865  6.93593e-05
30.706  -2.24237  31.0366  -2.49804  0.185284  0.00214264
30.1725  -2.22677  31.7456  -2.49358  1.1243  0.00233362
28.4208  -2.33818  32.418  -2.55264  -1.21102  0.00236405
27.1427  -2.24209  29.5433  -2.24086  -0.806166  -5.97215e-06
30.2109  -2.22038  27.4821  -2.51884  -0.607454  0.00145214
27.173  -2.60391  28.5454  -2.5229  1.13414  -0.000691237
23.9313  -2.26022  29.2307  -2.29515  -0.247567  -0.00121398
25.5447  -2.48065  29.1121  -2.3958  1.81488  -0.000756934
28.8755  -2.11442  30.8401  -2.41681  -1.40358  0.000698438
24.932  -2.58518  26.5809  -2.55181  -0.231456  -0.00118739
28.2553  -2.34749  30.2929  -2.61622  -2.0013  -0.000188526
27.5546  -2.4105  26.8943  -2.51708  -1.47129  -0.00122463
27.895  -2.14588  32.0977  -2.21496  -1.37683  0.00220103
25.6214  -2.27772  29.4593  -2.63429  -0.245757  0.000392904
27.7366  -2.14104  29.0196  -2.38831  0.988509  0.000806848
29.1382  -2.1158  28.0643  -2.50704  -1.32227  0.000208589
27.7416  -2.15359  27.119  -2.63772  1.55786  -0.000448017
26.2773  -2.19134  31.6131  -2.69922  0.651706  -6.047e-05
