     1           MEBT_RF:Bnch01:Rg01     0.52800     2.500  
     2           MEBT_RF:Bnch02:Rg01     1.28800     2.500  
     3           MEBT_RF:Bnch03:Rg01     2.24800     2.500  
     4           MEBT_RF:Bnch04:Rg01     3.15800     2.500  
     5             DTL_RF:Cav01:Rg01     3.67760     2.525  
     6             DTL_RF:Cav01:Rg02     3.73206     2.551  
     7             DTL_RF:Cav01:Rg03     3.78681     2.578  
     8             DTL_RF:Cav01:Rg04     3.84186     2.606  
     9             DTL_RF:Cav01:Rg05     3.89722     2.634  
    10             DTL_RF:Cav01:Rg06     3.95288     2.663  
    11             DTL_RF:Cav01:Rg07     4.00886     2.693  
    12             DTL_RF:Cav01:Rg08     4.06516     2.725  
    13             DTL_RF:Cav01:Rg09     4.12180     2.757  
    14             DTL_RF:Cav01:Rg10     4.17877     2.790  
    15             DTL_RF:Cav01:Rg11     4.23610     2.825  
    16             DTL_RF:Cav01:Rg12     4.29380     2.861  
    17             DTL_RF:Cav01:Rg13     4.35187     2.898  
    18             DTL_RF:Cav01:Rg14     4.41032     2.937  
    19             DTL_RF:Cav01:Rg15     4.46916     2.978  
    20             DTL_RF:Cav01:Rg16     4.52841     3.020  
    21             DTL_RF:Cav01:Rg17     4.58808     3.063  
    22             DTL_RF:Cav01:Rg18     4.64818     3.109  
    23             DTL_RF:Cav01:Rg19     4.70872     3.156  
    24             DTL_RF:Cav01:Rg20     4.76971     3.205  
    25             DTL_RF:Cav01:Rg21     4.83117     3.256  
    26             DTL_RF:Cav01:Rg22     4.89311     3.309  
    27             DTL_RF:Cav01:Rg23     4.95554     3.363  
    28             DTL_RF:Cav01:Rg24     5.01847     3.420  
    29             DTL_RF:Cav01:Rg25     5.08192     3.479  
    30             DTL_RF:Cav01:Rg26     5.14590     3.540  
    31             DTL_RF:Cav01:Rg27     5.21043     3.603  
    32             DTL_RF:Cav01:Rg28     5.27552     3.669  
    33             DTL_RF:Cav01:Rg29     5.34119     3.736  
    34             DTL_RF:Cav01:Rg30     5.40744     3.806  
    35             DTL_RF:Cav01:Rg31     5.47430     3.877  
    36             DTL_RF:Cav01:Rg32     5.54178     3.952  
    37             DTL_RF:Cav01:Rg33     5.60990     4.028  
    38             DTL_RF:Cav01:Rg34     5.67867     4.107  
    39             DTL_RF:Cav01:Rg35     5.74811     4.189  
    40             DTL_RF:Cav01:Rg36     5.81824     4.273  
    41             DTL_RF:Cav01:Rg37     5.88907     4.360  
    42             DTL_RF:Cav01:Rg38     5.96063     4.450  
    43             DTL_RF:Cav01:Rg39     6.03293     4.544  
    44             DTL_RF:Cav01:Rg40     6.10598     4.640  
    45             DTL_RF:Cav01:Rg41     6.17981     4.740  
    46             DTL_RF:Cav01:Rg42     6.25444     4.844  
    47             DTL_RF:Cav01:Rg43     6.32988     4.952  
    48             DTL_RF:Cav01:Rg44     6.40616     5.063  
    49             DTL_RF:Cav01:Rg45     6.48330     5.180  
    50             DTL_RF:Cav01:Rg46     6.56132     5.300  
    51             DTL_RF:Cav01:Rg47     6.64023     5.426  
    52             DTL_RF:Cav01:Rg48     6.72006     5.556  
    53             DTL_RF:Cav01:Rg49     6.80084     5.691  
    54             DTL_RF:Cav01:Rg50     6.88258     5.832  
    55             DTL_RF:Cav01:Rg51     6.96531     5.977  
    56             DTL_RF:Cav01:Rg52     7.04905     6.128  
    57             DTL_RF:Cav01:Rg53     7.13382     6.285  
    58             DTL_RF:Cav01:Rg54     7.21965     6.448  
    59             DTL_RF:Cav01:Rg55     7.30656     6.616  
    60             DTL_RF:Cav01:Rg56     7.39458     6.790  
    61             DTL_RF:Cav01:Rg57     7.48372     6.971  
    62             DTL_RF:Cav01:Rg58     7.57368     7.154  
    63             DTL_RF:Cav01:Rg59     7.66444     7.339  
    64             DTL_RF:Cav01:Rg60     7.75634     7.524  
    65             DTL_RF:Cav02:Rg01     7.94335     7.715  
    66             DTL_RF:Cav02:Rg02     8.03914     7.917  
    67             DTL_RF:Cav02:Rg03     8.13601     8.128  
    68             DTL_RF:Cav02:Rg04     8.23377     8.347  
    69             DTL_RF:Cav02:Rg05     8.33247     8.570  
    70             DTL_RF:Cav02:Rg06     8.43237     8.797  
    71             DTL_RF:Cav02:Rg07     8.53355     9.028  
    72             DTL_RF:Cav02:Rg08     8.63600     9.263  
    73             DTL_RF:Cav02:Rg09     8.73973     9.502  
    74             DTL_RF:Cav02:Rg10     8.84479     9.745  
    75             DTL_RF:Cav02:Rg11     8.95119     9.992  
    76             DTL_RF:Cav02:Rg12     9.05892     10.243  
    77             DTL_RF:Cav02:Rg13     9.16799     10.498  
    78             DTL_RF:Cav02:Rg14     9.27842     10.758  
    79             DTL_RF:Cav02:Rg15     9.39020     11.023  
    80             DTL_RF:Cav02:Rg16     9.50335     11.293  
    81             DTL_RF:Cav02:Rg17     9.61787     11.568  
    82             DTL_RF:Cav02:Rg18     9.73377     11.848  
    83             DTL_RF:Cav02:Rg19     9.85105     12.134  
    84             DTL_RF:Cav02:Rg20     9.96972     12.426  
    85             DTL_RF:Cav02:Rg21     10.08979     12.723  
    86             DTL_RF:Cav02:Rg22     10.21126     13.026  
    87             DTL_RF:Cav02:Rg23     10.33414     13.336  
    88             DTL_RF:Cav02:Rg24     10.45844     13.651  
    89             DTL_RF:Cav02:Rg25     10.58416     13.973  
    90             DTL_RF:Cav02:Rg26     10.71131     14.300  
    91             DTL_RF:Cav02:Rg27     10.83989     14.634  
    92             DTL_RF:Cav02:Rg28     10.96991     14.973  
    93             DTL_RF:Cav02:Rg29     11.10138     15.319  
    94             DTL_RF:Cav02:Rg30     11.23431     15.670  
    95             DTL_RF:Cav02:Rg31     11.36869     16.027  
    96             DTL_RF:Cav02:Rg32     11.50454     16.390  
    97             DTL_RF:Cav02:Rg33     11.64186     16.758  
    98             DTL_RF:Cav02:Rg34     11.78066     17.132  
    99             DTL_RF:Cav02:Rg35     11.92094     17.511  
   100             DTL_RF:Cav02:Rg36     12.06271     17.895  
   101             DTL_RF:Cav02:Rg37     12.20597     18.285  
   102             DTL_RF:Cav02:Rg38     12.35073     18.680  
   103             DTL_RF:Cav02:Rg39     12.49700     19.080  
   104             DTL_RF:Cav02:Rg40     12.64478     19.486  
   105             DTL_RF:Cav02:Rg41     12.79407     19.897  
   106             DTL_RF:Cav02:Rg42     12.94489     20.313  
   107             DTL_RF:Cav02:Rg43     13.09723     20.734  
   108             DTL_RF:Cav02:Rg44     13.25110     21.161  
   109             DTL_RF:Cav02:Rg45     13.40652     21.594  
   110             DTL_RF:Cav02:Rg46     13.56295     22.027  
   111             DTL_RF:Cav02:Rg47     13.72038     22.455  
   112             DTL_RF:Cav02:Rg48     13.87930     22.877  
   113             DTL_RF:Cav03:Rg01     14.20071     23.286  
   114             DTL_RF:Cav03:Rg02     14.36516     23.715  
   115             DTL_RF:Cav03:Rg03     14.53083     24.159  
   116             DTL_RF:Cav03:Rg04     14.69734     24.613  
   117             DTL_RF:Cav03:Rg05     14.86468     25.072  
   118             DTL_RF:Cav03:Rg06     15.03329     25.533  
   119             DTL_RF:Cav03:Rg07     15.20337     25.998  
   120             DTL_RF:Cav03:Rg08     15.37492     26.465  
   121             DTL_RF:Cav03:Rg09     15.54794     26.935  
   122             DTL_RF:Cav03:Rg10     15.72243     27.407  
   123             DTL_RF:Cav03:Rg11     15.89838     27.882  
   124             DTL_RF:Cav03:Rg12     16.07580     28.360  
   125             DTL_RF:Cav03:Rg13     16.25467     28.841  
   126             DTL_RF:Cav03:Rg14     16.43500     29.324  
   127             DTL_RF:Cav03:Rg15     16.61679     29.810  
   128             DTL_RF:Cav03:Rg16     16.80003     30.299  
   129             DTL_RF:Cav03:Rg17     16.98471     30.792  
   130             DTL_RF:Cav03:Rg18     17.17084     31.287  
   131             DTL_RF:Cav03:Rg19     17.35842     31.786  
   132             DTL_RF:Cav03:Rg20     17.54743     32.289  
   133             DTL_RF:Cav03:Rg21     17.73788     32.795  
   134             DTL_RF:Cav03:Rg22     17.92976     33.306  
   135             DTL_RF:Cav03:Rg23     18.12308     33.820  
   136             DTL_RF:Cav03:Rg24     18.31782     34.338  
   137             DTL_RF:Cav03:Rg25     18.51399     34.861  
   138             DTL_RF:Cav03:Rg26     18.71157     35.388  
   139             DTL_RF:Cav03:Rg27     18.91058     35.920  
   140             DTL_RF:Cav03:Rg28     19.11100     36.456  
   141             DTL_RF:Cav03:Rg29     19.31283     36.997  
   142             DTL_RF:Cav03:Rg30     19.51607     37.542  
   143             DTL_RF:Cav03:Rg31     19.72072     38.091  
   144             DTL_RF:Cav03:Rg32     19.92598     38.639  
   145             DTL_RF:Cav03:Rg33     20.13182     39.177  
   146             DTL_RF:Cav03:Rg34     20.33898     39.704  
   147             DTL_RF:Cav04:Rg01     20.75829     40.233  
   148             DTL_RF:Cav04:Rg02     20.97159     40.785  
   149             DTL_RF:Cav04:Rg03     21.18600     41.354  
   150             DTL_RF:Cav04:Rg04     21.40104     41.934  
   151             DTL_RF:Cav04:Rg05     21.61672     42.520  
   152             DTL_RF:Cav04:Rg06     21.83353     43.108  
   153             DTL_RF:Cav04:Rg07     22.05171     43.700  
   154             DTL_RF:Cav04:Rg08     22.27127     44.294  
   155             DTL_RF:Cav04:Rg09     22.49220     44.891  
   156             DTL_RF:Cav04:Rg10     22.71450     45.490  
   157             DTL_RF:Cav04:Rg11     22.93815     46.092  
   158             DTL_RF:Cav04:Rg12     23.16317     46.696  
   159             DTL_RF:Cav04:Rg13     23.38953     47.301  
   160             DTL_RF:Cav04:Rg14     23.61725     47.909  
   161             DTL_RF:Cav04:Rg15     23.84632     48.518  
   162             DTL_RF:Cav04:Rg16     24.07673     49.130  
   163             DTL_RF:Cav04:Rg17     24.30847     49.743  
   164             DTL_RF:Cav04:Rg18     24.54155     50.357  
   165             DTL_RF:Cav04:Rg19     24.77596     50.973  
   166             DTL_RF:Cav04:Rg20     25.01170     51.590  
   167             DTL_RF:Cav04:Rg21     25.24876     52.209  
   168             DTL_RF:Cav04:Rg22     25.48714     52.829  
   169             DTL_RF:Cav04:Rg23     25.72683     53.451  
   170             DTL_RF:Cav04:Rg24     25.96783     54.075  
   171             DTL_RF:Cav04:Rg25     26.21014     54.700  
   172             DTL_RF:Cav04:Rg26     26.45281     55.320  
   173             DTL_RF:Cav04:Rg27     26.69583     55.926  
   174             DTL_RF:Cav04:Rg28     26.94009     56.516  
   175             DTL_RF:Cav05:Rg01     27.43380     57.123  
   176             DTL_RF:Cav05:Rg02     27.68461     57.752  
   177             DTL_RF:Cav05:Rg03     27.93639     58.401  
   178             DTL_RF:Cav05:Rg04     28.18856     59.061  
   179             DTL_RF:Cav05:Rg05     28.44115     59.725  
   180             DTL_RF:Cav05:Rg06     28.69473     60.391  
   181             DTL_RF:Cav05:Rg07     28.94958     61.059  
   182             DTL_RF:Cav05:Rg08     29.20570     61.728  
   183             DTL_RF:Cav05:Rg09     29.46308     62.398  
   184             DTL_RF:Cav05:Rg10     29.72172     63.070  
   185             DTL_RF:Cav05:Rg11     29.98162     63.742  
   186             DTL_RF:Cav05:Rg12     30.24277     64.416  
   187             DTL_RF:Cav05:Rg13     30.50516     65.091  
   188             DTL_RF:Cav05:Rg14     30.76880     65.768  
   189             DTL_RF:Cav05:Rg15     31.03367     66.445  
   190             DTL_RF:Cav05:Rg16     31.29977     67.123  
   191             DTL_RF:Cav05:Rg17     31.56710     67.802  
   192             DTL_RF:Cav05:Rg18     31.83566     68.483  
   193             DTL_RF:Cav05:Rg19     32.10544     69.165  
   194             DTL_RF:Cav05:Rg20     32.37643     69.847  
   195             DTL_RF:Cav05:Rg21     32.64863     70.532  
   196             DTL_RF:Cav05:Rg22     32.92076     71.210  
   197             DTL_RF:Cav05:Rg23     33.19279     71.867  
   198             DTL_RF:Cav05:Rg24     33.46594     72.500  
   199             DTL_RF:Cav06:Rg01     34.01802     73.127  
   200             DTL_RF:Cav06:Rg02     34.29827     73.777  
   201             DTL_RF:Cav06:Rg03     34.57932     74.447  
   202             DTL_RF:Cav06:Rg04     34.86044     75.128  
   203             DTL_RF:Cav06:Rg05     35.14161     75.811  
   204             DTL_RF:Cav06:Rg06     35.42361     76.492  
   205             DTL_RF:Cav06:Rg07     35.70672     77.171  
   206             DTL_RF:Cav06:Rg08     35.99093     77.848  
   207             DTL_RF:Cav06:Rg09     36.27624     78.522  
   208             DTL_RF:Cav06:Rg10     36.56264     79.193  
   209             DTL_RF:Cav06:Rg11     36.85011     79.862  
   210             DTL_RF:Cav06:Rg12     37.13864     80.528  
   211             DTL_RF:Cav06:Rg13     37.42824     81.191  
   212             DTL_RF:Cav06:Rg14     37.71889     81.850  
   213             DTL_RF:Cav06:Rg15     38.01059     82.507  
   214             DTL_RF:Cav06:Rg16     38.30331     83.160  
   215             DTL_RF:Cav06:Rg17     38.59706     83.810  
   216             DTL_RF:Cav06:Rg18     38.89183     84.456  
   217             DTL_RF:Cav06:Rg19     39.18648     85.091  
   218             DTL_RF:Cav06:Rg20     39.48097     85.699  
   219             DTL_RF:Cav06:Rg21     39.77596     86.273  
   220             DTL_RF:Cav06:Rg22     40.07138     86.804  
   221             CCL_RF:Cav01:Rg01     40.46501     86.979  
   222             CCL_RF:Cav01:Rg02     40.54023     87.155  
   223             CCL_RF:Cav01:Rg03     40.61545     87.333  
   224             CCL_RF:Cav01:Rg04     40.69068     87.511  
   225             CCL_RF:Cav01:Rg05     40.76590     87.688  
   226             CCL_RF:Cav01:Rg06     40.84112     87.866  
   227             CCL_RF:Cav01:Rg07     40.91635     88.043  
   228             CCL_RF:Cav01:Rg08     40.99157     88.219  
   229             CCL_RF:Cav01:Rg09     41.44455     88.400  
   230             CCL_RF:Cav01:Rg10     41.52031     88.583  
   231             CCL_RF:Cav01:Rg11     41.59607     88.768  
   232             CCL_RF:Cav01:Rg12     41.67183     88.952  
   233             CCL_RF:Cav01:Rg13     41.74759     89.137  
   234             CCL_RF:Cav01:Rg14     41.82335     89.321  
   235             CCL_RF:Cav01:Rg15     41.89911     89.505  
   236             CCL_RF:Cav01:Rg16     41.97487     89.688  
   237             CCL_RF:Cav01:Rg17     42.43112     89.875  
   238             CCL_RF:Cav01:Rg18     42.50743     90.066  
   239             CCL_RF:Cav01:Rg19     42.58374     90.257  
   240             CCL_RF:Cav01:Rg20     42.66005     90.449  
   241             CCL_RF:Cav01:Rg21     42.73637     90.641  
   242             CCL_RF:Cav01:Rg22     42.81268     90.832  
   243             CCL_RF:Cav01:Rg23     42.88899     91.023  
   244             CCL_RF:Cav01:Rg24     42.96530     91.212  
   245             CCL_RF:Cav01:Rg25     43.42489     91.407  
   246             CCL_RF:Cav01:Rg26     43.50177     91.604  
   247             CCL_RF:Cav01:Rg27     43.57864     91.803  
   248             CCL_RF:Cav01:Rg28     43.65552     92.001  
   249             CCL_RF:Cav01:Rg29     43.73239     92.200  
   250             CCL_RF:Cav01:Rg30     43.80927     92.398  
   251             CCL_RF:Cav01:Rg31     43.88614     92.596  
   252             CCL_RF:Cav01:Rg32     43.96302     92.792  
   253             CCL_RF:Cav01:Rg33     44.42603     92.993  
   254             CCL_RF:Cav01:Rg34     44.50348     93.198  
   255             CCL_RF:Cav01:Rg35     44.58093     93.403  
   256             CCL_RF:Cav01:Rg36     44.65839     93.608  
   257             CCL_RF:Cav01:Rg37     44.73584     93.814  
   258             CCL_RF:Cav01:Rg38     44.81329     94.019  
   259             CCL_RF:Cav01:Rg39     44.89074     94.223  
   260             CCL_RF:Cav01:Rg40     44.96819     94.426  
   261             CCL_RF:Cav01:Rg41     45.43471     94.635  
   262             CCL_RF:Cav01:Rg42     45.51275     94.846  
   263             CCL_RF:Cav01:Rg43     45.59079     95.058  
   264             CCL_RF:Cav01:Rg44     45.66883     95.270  
   265             CCL_RF:Cav01:Rg45     45.74687     95.483  
   266             CCL_RF:Cav01:Rg46     45.82491     95.695  
   267             CCL_RF:Cav01:Rg47     45.90295     95.906  
   268             CCL_RF:Cav01:Rg48     45.98100     96.115  
   269             CCL_RF:Cav01:Rg49     46.45108     96.331  
   270             CCL_RF:Cav01:Rg50     46.52972     96.549  
   271             CCL_RF:Cav01:Rg51     46.60837     96.768  
   272             CCL_RF:Cav01:Rg52     46.68701     96.987  
   273             CCL_RF:Cav01:Rg53     46.76565     97.206  
   274             CCL_RF:Cav01:Rg54     46.84430     97.425  
   275             CCL_RF:Cav01:Rg55     46.92294     97.643  
   276             CCL_RF:Cav01:Rg56     47.00158     97.859  
   277             CCL_RF:Cav01:Rg57     47.47532     98.081  
   278             CCL_RF:Cav01:Rg58     47.55457     98.306  
   279             CCL_RF:Cav01:Rg59     47.63383     98.531  
   280             CCL_RF:Cav01:Rg60     47.71309     98.757  
   281             CCL_RF:Cav01:Rg61     47.79234     98.983  
   282             CCL_RF:Cav01:Rg62     47.87160     99.209  
   283             CCL_RF:Cav01:Rg63     47.95086     99.433  
   284             CCL_RF:Cav01:Rg64     48.03011     99.656  
   285             CCL_RF:Cav01:Rg65     48.50757     99.885  
   286             CCL_RF:Cav01:Rg66     48.58745     100.117  
   287             CCL_RF:Cav01:Rg67     48.66734     100.350  
   288             CCL_RF:Cav01:Rg68     48.74722     100.582  
   289             CCL_RF:Cav01:Rg69     48.82710     100.815  
   290             CCL_RF:Cav01:Rg70     48.90698     101.048  
   291             CCL_RF:Cav01:Rg71     48.98687     101.279  
   292             CCL_RF:Cav01:Rg72     49.06675     101.509  
   293             CCL_RF:Cav01:Rg73     49.54800     101.739  
   294             CCL_RF:Cav01:Rg74     49.62852     101.973  
   295             CCL_RF:Cav01:Rg75     49.70903     102.207  
   296             CCL_RF:Cav01:Rg76     49.78954     102.442  
   297             CCL_RF:Cav01:Rg77     49.87006     102.676  
   298             CCL_RF:Cav01:Rg78     49.95057     102.910  
   299             CCL_RF:Cav01:Rg79     50.03108     103.144  
   300             CCL_RF:Cav01:Rg80     50.11160     103.375  
   301             CCL_RF:Cav01:Rg81     50.59663     103.607  
   302             CCL_RF:Cav01:Rg82     50.67777     103.842  
   303             CCL_RF:Cav01:Rg83     50.75891     104.078  
   304             CCL_RF:Cav01:Rg84     50.84005     104.314  
   305             CCL_RF:Cav01:Rg85     50.92119     104.550  
   306             CCL_RF:Cav01:Rg86     51.00233     104.786  
   307             CCL_RF:Cav01:Rg87     51.08347     105.021  
   308             CCL_RF:Cav01:Rg88     51.16461     105.254  
   309             CCL_RF:Cav01:Rg89     51.65340     105.488  
   310             CCL_RF:Cav01:Rg90     51.73516     105.725  
   311             CCL_RF:Cav01:Rg91     51.81693     105.963  
   312             CCL_RF:Cav01:Rg92     51.89870     106.201  
   313             CCL_RF:Cav01:Rg93     51.98046     106.439  
   314             CCL_RF:Cav01:Rg94     52.06223     106.676  
   315             CCL_RF:Cav01:Rg95     52.14399     106.913  
   316             CCL_RF:Cav01:Rg96     52.22576     107.148  
   317             CCL_RF:Cav02:Rg01     52.71828     107.385  
   318             CCL_RF:Cav02:Rg02     52.80066     107.625  
   319             CCL_RF:Cav02:Rg03     52.88305     107.865  
   320             CCL_RF:Cav02:Rg04     52.96544     108.106  
   321             CCL_RF:Cav02:Rg05     53.04782     108.347  
   322             CCL_RF:Cav02:Rg06     53.13021     108.588  
   323             CCL_RF:Cav02:Rg07     53.21260     108.828  
   324             CCL_RF:Cav02:Rg08     53.29498     109.066  
   325             CCL_RF:Cav02:Rg09     53.79122     109.305  
   326             CCL_RF:Cav02:Rg10     53.87423     109.547  
   327             CCL_RF:Cav02:Rg11     53.95723     109.789  
   328             CCL_RF:Cav02:Rg12     54.04024     110.032  
   329             CCL_RF:Cav02:Rg13     54.12324     110.275  
   330             CCL_RF:Cav02:Rg14     54.20624     110.518  
   331             CCL_RF:Cav02:Rg15     54.28925     110.759  
   332             CCL_RF:Cav02:Rg16     54.37225     111.000  
   333             CCL_RF:Cav02:Rg17     54.87219     111.241  
   334             CCL_RF:Cav02:Rg18     54.95581     111.484  
   335             CCL_RF:Cav02:Rg19     55.03943     111.729  
   336             CCL_RF:Cav02:Rg20     55.12305     111.974  
   337             CCL_RF:Cav02:Rg21     55.20667     112.219  
   338             CCL_RF:Cav02:Rg22     55.29029     112.463  
   339             CCL_RF:Cav02:Rg23     55.37391     112.707  
   340             CCL_RF:Cav02:Rg24     55.45753     112.949  
   341             CCL_RF:Cav02:Rg25     55.96115     113.192  
   342             CCL_RF:Cav02:Rg26     56.04538     113.438  
   343             CCL_RF:Cav02:Rg27     56.12961     113.684  
   344             CCL_RF:Cav02:Rg28     56.21384     113.931  
   345             CCL_RF:Cav02:Rg29     56.29807     114.178  
   346             CCL_RF:Cav02:Rg30     56.38230     114.425  
   347             CCL_RF:Cav02:Rg31     56.46653     114.670  
   348             CCL_RF:Cav02:Rg32     56.55076     114.914  
   349             CCL_RF:Cav02:Rg33     57.05804     115.159  
   350             CCL_RF:Cav02:Rg34     57.14288     115.407  
   351             CCL_RF:Cav02:Rg35     57.22772     115.655  
   352             CCL_RF:Cav02:Rg36     57.31256     115.904  
   353             CCL_RF:Cav02:Rg37     57.39740     116.152  
   354             CCL_RF:Cav02:Rg38     57.48224     116.400  
   355             CCL_RF:Cav02:Rg39     57.56708     116.648  
   356             CCL_RF:Cav02:Rg40     57.65191     116.894  
   357             CCL_RF:Cav02:Rg41     58.16283     117.140  
   358             CCL_RF:Cav02:Rg42     58.24827     117.390  
   359             CCL_RF:Cav02:Rg43     58.33372     117.640  
   360             CCL_RF:Cav02:Rg44     58.41916     117.890  
   361             CCL_RF:Cav02:Rg45     58.50461     118.141  
   362             CCL_RF:Cav02:Rg46     58.59005     118.391  
   363             CCL_RF:Cav02:Rg47     58.67550     118.640  
   364             CCL_RF:Cav02:Rg48     58.76094     118.887  
   365             CCL_RF:Cav02:Rg49     59.27548     119.136  
   366             CCL_RF:Cav02:Rg50     59.36152     119.387  
   367             CCL_RF:Cav02:Rg51     59.44757     119.639  
   368             CCL_RF:Cav02:Rg52     59.53362     119.891  
   369             CCL_RF:Cav02:Rg53     59.61966     120.143  
   370             CCL_RF:Cav02:Rg54     59.70571     120.395  
   371             CCL_RF:Cav02:Rg55     59.79176     120.646  
   372             CCL_RF:Cav02:Rg56     59.87780     120.895  
   373             CCL_RF:Cav02:Rg57     60.39594     121.145  
   374             CCL_RF:Cav02:Rg58     60.48258     121.398  
   375             CCL_RF:Cav02:Rg59     60.56923     121.651  
   376             CCL_RF:Cav02:Rg60     60.65587     121.905  
   377             CCL_RF:Cav02:Rg61     60.74252     122.159  
   378             CCL_RF:Cav02:Rg62     60.82916     122.412  
   379             CCL_RF:Cav02:Rg63     60.91581     122.665  
   380             CCL_RF:Cav02:Rg64     61.00245     122.916  
   381             CCL_RF:Cav02:Rg65     61.52417     123.167  
   382             CCL_RF:Cav02:Rg66     61.61141     123.422  
   383             CCL_RF:Cav02:Rg67     61.69865     123.677  
   384             CCL_RF:Cav02:Rg68     61.78589     123.932  
   385             CCL_RF:Cav02:Rg69     61.87313     124.188  
   386             CCL_RF:Cav02:Rg70     61.96037     124.443  
   387             CCL_RF:Cav02:Rg71     62.04761     124.697  
   388             CCL_RF:Cav02:Rg72     62.13485     124.950  
   389             CCL_RF:Cav02:Rg73     62.66013     125.203  
   390             CCL_RF:Cav02:Rg74     62.74796     125.459  
   391             CCL_RF:Cav02:Rg75     62.83580     125.716  
   392             CCL_RF:Cav02:Rg76     62.92363     125.973  
   393             CCL_RF:Cav02:Rg77     63.01146     126.230  
   394             CCL_RF:Cav02:Rg78     63.09929     126.487  
   395             CCL_RF:Cav02:Rg79     63.18713     126.742  
   396             CCL_RF:Cav02:Rg80     63.27496     126.997  
   397             CCL_RF:Cav02:Rg81     63.80378     127.252  
   398             CCL_RF:Cav02:Rg82     63.89220     127.510  
   399             CCL_RF:Cav02:Rg83     63.98062     127.768  
   400             CCL_RF:Cav02:Rg84     64.06904     128.027  
   401             CCL_RF:Cav02:Rg85     64.15746     128.286  
   402             CCL_RF:Cav02:Rg86     64.24588     128.544  
   403             CCL_RF:Cav02:Rg87     64.33430     128.801  
   404             CCL_RF:Cav02:Rg88     64.42272     129.057  
   405             CCL_RF:Cav02:Rg89     64.95507     129.314  
   406             CCL_RF:Cav02:Rg90     65.04407     129.574  
   407             CCL_RF:Cav02:Rg91     65.13308     129.834  
   408             CCL_RF:Cav02:Rg92     65.22208     130.094  
   409             CCL_RF:Cav02:Rg93     65.31109     130.355  
   410             CCL_RF:Cav02:Rg94     65.40010     130.615  
   411             CCL_RF:Cav02:Rg95     65.48910     130.874  
   412             CCL_RF:Cav02:Rg96     65.57811     131.132  
   413             CCL_RF:Cav03:Rg01     66.19396     131.391  
   414             CCL_RF:Cav03:Rg02     66.28355     131.652  
   415             CCL_RF:Cav03:Rg03     66.37314     131.914  
   416             CCL_RF:Cav03:Rg04     66.46273     132.177  
   417             CCL_RF:Cav03:Rg05     66.55231     132.439  
   418             CCL_RF:Cav03:Rg06     66.64190     132.701  
   419             CCL_RF:Cav03:Rg07     66.73149     132.963  
   420             CCL_RF:Cav03:Rg08     66.82108     133.223  
   421             CCL_RF:Cav03:Rg09     67.36040     133.483  
   422             CCL_RF:Cav03:Rg10     67.45057     133.746  
   423             CCL_RF:Cav03:Rg11     67.54074     134.010  
   424             CCL_RF:Cav03:Rg12     67.63090     134.275  
   425             CCL_RF:Cav03:Rg13     67.72107     134.539  
   426             CCL_RF:Cav03:Rg14     67.81124     134.803  
   427             CCL_RF:Cav03:Rg15     67.90141     135.066  
   428             CCL_RF:Cav03:Rg16     67.99157     135.327  
   429             CCL_RF:Cav03:Rg17     68.53436     135.590  
   430             CCL_RF:Cav03:Rg18     68.62510     135.855  
   431             CCL_RF:Cav03:Rg19     68.71585     136.120  
   432             CCL_RF:Cav03:Rg20     68.80659     136.386  
   433             CCL_RF:Cav03:Rg21     68.89733     136.652  
   434             CCL_RF:Cav03:Rg22     68.98807     136.918  
   435             CCL_RF:Cav03:Rg23     69.07882     137.182  
   436             CCL_RF:Cav03:Rg24     69.16956     137.446  
   437             CCL_RF:Cav03:Rg25     69.71579     137.710  
   438             CCL_RF:Cav03:Rg26     69.80710     137.977  
   439             CCL_RF:Cav03:Rg27     69.89842     138.244  
   440             CCL_RF:Cav03:Rg28     69.98973     138.512  
   441             CCL_RF:Cav03:Rg29     70.08105     138.779  
   442             CCL_RF:Cav03:Rg30     70.17236     139.046  
   443             CCL_RF:Cav03:Rg31     70.26367     139.313  
   444             CCL_RF:Cav03:Rg32     70.35499     139.578  
   445             CCL_RF:Cav03:Rg33     70.90464     139.844  
   446             CCL_RF:Cav03:Rg34     70.99652     140.112  
   447             CCL_RF:Cav03:Rg35     71.08841     140.381  
   448             CCL_RF:Cav03:Rg36     71.18029     140.650  
   449             CCL_RF:Cav03:Rg37     71.27217     140.920  
   450             CCL_RF:Cav03:Rg38     71.36406     141.189  
   451             CCL_RF:Cav03:Rg39     71.45594     141.457  
   452             CCL_RF:Cav03:Rg40     71.54782     141.723  
   453             CCL_RF:Cav03:Rg41     72.10088     141.991  
   454             CCL_RF:Cav03:Rg42     72.19333     142.261  
   455             CCL_RF:Cav03:Rg43     72.28578     142.532  
   456             CCL_RF:Cav03:Rg44     72.37822     142.803  
   457             CCL_RF:Cav03:Rg45     72.47067     143.074  
   458             CCL_RF:Cav03:Rg46     72.56312     143.344  
   459             CCL_RF:Cav03:Rg47     72.65557     143.614  
   460             CCL_RF:Cav03:Rg48     72.74802     143.882  
   461             CCL_RF:Cav03:Rg49     73.30462     144.153  
   462             CCL_RF:Cav03:Rg50     73.39763     144.425  
   463             CCL_RF:Cav03:Rg51     73.49064     144.698  
   464             CCL_RF:Cav03:Rg52     73.58365     144.972  
   465             CCL_RF:Cav03:Rg53     73.67666     145.245  
   466             CCL_RF:Cav03:Rg54     73.76968     145.518  
   467             CCL_RF:Cav03:Rg55     73.86269     145.791  
   468             CCL_RF:Cav03:Rg56     73.95570     146.062  
   469             CCL_RF:Cav03:Rg57     74.51559     146.334  
   470             CCL_RF:Cav03:Rg58     74.60916     146.608  
   471             CCL_RF:Cav03:Rg59     74.70274     146.884  
   472             CCL_RF:Cav03:Rg60     74.79631     147.159  
   473             CCL_RF:Cav03:Rg61     74.88988     147.435  
   474             CCL_RF:Cav03:Rg62     74.98346     147.710  
   475             CCL_RF:Cav03:Rg63     75.07703     147.984  
   476             CCL_RF:Cav03:Rg64     75.17060     148.257  
   477             CCL_RF:Cav03:Rg65     75.73385     148.532  
   478             CCL_RF:Cav03:Rg66     75.82798     148.808  
   479             CCL_RF:Cav03:Rg67     75.92211     149.086  
   480             CCL_RF:Cav03:Rg68     76.01624     149.363  
   481             CCL_RF:Cav03:Rg69     76.11038     149.641  
   482             CCL_RF:Cav03:Rg70     76.20451     149.918  
   483             CCL_RF:Cav03:Rg71     76.29864     150.195  
   484             CCL_RF:Cav03:Rg72     76.39277     150.470  
   485             CCL_RF:Cav03:Rg73     76.95936     150.746  
   486             CCL_RF:Cav03:Rg74     77.05405     151.025  
   487             CCL_RF:Cav03:Rg75     77.14874     151.304  
   488             CCL_RF:Cav03:Rg76     77.24342     151.584  
   489             CCL_RF:Cav03:Rg77     77.33811     151.864  
   490             CCL_RF:Cav03:Rg78     77.43280     152.143  
   491             CCL_RF:Cav03:Rg79     77.52749     152.422  
   492             CCL_RF:Cav03:Rg80     77.62217     152.699  
   493             CCL_RF:Cav03:Rg81     78.19209     152.978  
   494             CCL_RF:Cav03:Rg82     78.28734     153.258  
   495             CCL_RF:Cav03:Rg83     78.38258     153.540  
   496             CCL_RF:Cav03:Rg84     78.47782     153.821  
   497             CCL_RF:Cav03:Rg85     78.57306     154.103  
   498             CCL_RF:Cav03:Rg86     78.66830     154.385  
   499             CCL_RF:Cav03:Rg87     78.76354     154.665  
   500             CCL_RF:Cav03:Rg88     78.85878     154.944  
   501             CCL_RF:Cav03:Rg89     79.43202     155.225  
   502             CCL_RF:Cav03:Rg90     79.52781     155.508  
   503             CCL_RF:Cav03:Rg91     79.62360     155.791  
   504             CCL_RF:Cav03:Rg92     79.71939     156.075  
   505             CCL_RF:Cav03:Rg93     79.81518     156.359  
   506             CCL_RF:Cav03:Rg94     79.91097     156.642  
   507             CCL_RF:Cav03:Rg95     80.00677     156.925  
   508             CCL_RF:Cav03:Rg96     80.10256     157.206  
   509             CCL_RF:Cav04:Rg01     80.63909     157.489  
   510             CCL_RF:Cav04:Rg02     80.73543     157.774  
   511             CCL_RF:Cav04:Rg03     80.83177     158.060  
   512             CCL_RF:Cav04:Rg04     80.92811     158.346  
   513             CCL_RF:Cav04:Rg05     81.02445     158.631  
   514             CCL_RF:Cav04:Rg06     81.12079     158.917  
   515             CCL_RF:Cav04:Rg07     81.21713     159.202  
   516             CCL_RF:Cav04:Rg08     81.31347     159.485  
   517             CCL_RF:Cav04:Rg09     81.89328     159.770  
   518             CCL_RF:Cav04:Rg10     81.99017     160.057  
   519             CCL_RF:Cav04:Rg11     82.08705     160.344  
   520             CCL_RF:Cav04:Rg12     82.18394     160.632  
   521             CCL_RF:Cav04:Rg13     82.28083     160.920  
   522             CCL_RF:Cav04:Rg14     82.37771     161.208  
   523             CCL_RF:Cav04:Rg15     82.47460     161.494  
   524             CCL_RF:Cav04:Rg16     82.57148     161.780  
   525             CCL_RF:Cav04:Rg17     83.15457     162.067  
   526             CCL_RF:Cav04:Rg18     83.25200     162.356  
   527             CCL_RF:Cav04:Rg19     83.34943     162.645  
   528             CCL_RF:Cav04:Rg20     83.44686     162.935  
   529             CCL_RF:Cav04:Rg21     83.54428     163.225  
   530             CCL_RF:Cav04:Rg22     83.64171     163.515  
   531             CCL_RF:Cav04:Rg23     83.73914     163.804  
   532             CCL_RF:Cav04:Rg24     83.83657     164.091  
   533             CCL_RF:Cav04:Rg25     84.42291     164.380  
   534             CCL_RF:Cav04:Rg26     84.52088     164.671  
   535             CCL_RF:Cav04:Rg27     84.61885     164.963  
   536             CCL_RF:Cav04:Rg28     84.71682     165.255  
   537             CCL_RF:Cav04:Rg29     84.81479     165.547  
   538             CCL_RF:Cav04:Rg30     84.91276     165.838  
   539             CCL_RF:Cav04:Rg31     85.01073     166.129  
   540             CCL_RF:Cav04:Rg32     85.10870     166.419  
   541             CCL_RF:Cav04:Rg33     85.69827     166.710  
   542             CCL_RF:Cav04:Rg34     85.79677     167.003  
   543             CCL_RF:Cav04:Rg35     85.89528     167.296  
   544             CCL_RF:Cav04:Rg36     85.99379     167.590  
   545             CCL_RF:Cav04:Rg37     86.09230     167.884  
   546             CCL_RF:Cav04:Rg38     86.19081     168.178  
   547             CCL_RF:Cav04:Rg39     86.28931     168.471  
   548             CCL_RF:Cav04:Rg40     86.38782     168.762  
   549             CCL_RF:Cav04:Rg41     86.98061     169.055  
   550             CCL_RF:Cav04:Rg42     87.07966     169.350  
   551             CCL_RF:Cav04:Rg43     87.17870     169.646  
   552             CCL_RF:Cav04:Rg44     87.27774     169.942  
   553             CCL_RF:Cav04:Rg45     87.37679     170.238  
   554             CCL_RF:Cav04:Rg46     87.47583     170.534  
   555             CCL_RF:Cav04:Rg47     87.57487     170.828  
   556             CCL_RF:Cav04:Rg48     87.67392     171.122  
   557             CCL_RF:Cav04:Rg49     88.26991     171.417  
   558             CCL_RF:Cav04:Rg50     88.36949     171.714  
   559             CCL_RF:Cav04:Rg51     88.46906     172.012  
   560             CCL_RF:Cav04:Rg52     88.56864     172.310  
   561             CCL_RF:Cav04:Rg53     88.66822     172.608  
   562             CCL_RF:Cav04:Rg54     88.76779     172.905  
   563             CCL_RF:Cav04:Rg55     88.86737     173.202  
   564             CCL_RF:Cav04:Rg56     88.96694     173.498  
   565             CCL_RF:Cav04:Rg57     89.56613     173.795  
   566             CCL_RF:Cav04:Rg58     89.66623     174.094  
   567             CCL_RF:Cav04:Rg59     89.76634     174.394  
   568             CCL_RF:Cav04:Rg60     89.86645     174.694  
   569             CCL_RF:Cav04:Rg61     89.96655     174.994  
   570             CCL_RF:Cav04:Rg62     90.06666     175.293  
   571             CCL_RF:Cav04:Rg63     90.16677     175.592  
   572             CCL_RF:Cav04:Rg64     90.26687     175.890  
   573             CCL_RF:Cav04:Rg65     90.86923     176.189  
   574             CCL_RF:Cav04:Rg66     90.96986     176.490  
   575             CCL_RF:Cav04:Rg67     91.07050     176.792  
   576             CCL_RF:Cav04:Rg68     91.17113     177.094  
   577             CCL_RF:Cav04:Rg69     91.27176     177.396  
   578             CCL_RF:Cav04:Rg70     91.37240     177.697  
   579             CCL_RF:Cav04:Rg71     91.47303     177.998  
   580             CCL_RF:Cav04:Rg72     91.57366     178.298  
   581             CCL_RF:Cav04:Rg73     92.17918     178.599  
   582             CCL_RF:Cav04:Rg74     92.28034     178.902  
   583             CCL_RF:Cav04:Rg75     92.38149     179.206  
   584             CCL_RF:Cav04:Rg76     92.48265     179.510  
   585             CCL_RF:Cav04:Rg77     92.58381     179.814  
   586             CCL_RF:Cav04:Rg78     92.68497     180.117  
   587             CCL_RF:Cav04:Rg79     92.78613     180.420  
   588             CCL_RF:Cav04:Rg80     92.88729     180.722  
   589             CCL_RF:Cav04:Rg81     93.49594     181.025  
   590             CCL_RF:Cav04:Rg82     93.59762     181.330  
   591             CCL_RF:Cav04:Rg83     93.69930     181.636  
   592             CCL_RF:Cav04:Rg84     93.80098     181.942  
   593             CCL_RF:Cav04:Rg85     93.90266     182.248  
   594             CCL_RF:Cav04:Rg86     94.00434     182.553  
   595             CCL_RF:Cav04:Rg87     94.10602     182.858  
   596             CCL_RF:Cav04:Rg88     94.20771     183.162  
   597             CCL_RF:Cav04:Rg89     94.81948     183.467  
   598             CCL_RF:Cav04:Rg90     94.92168     183.774  
   599             CCL_RF:Cav04:Rg91     95.02388     184.082  
   600             CCL_RF:Cav04:Rg92     95.12608     184.390  
   601             CCL_RF:Cav04:Rg93     95.22828     184.697  
   602             CCL_RF:Cav04:Rg94     95.33048     185.005  
   603             CCL_RF:Cav04:Rg95     95.43268     185.312  
   604             CCL_RF:Cav04:Rg96     95.53488     185.618  
   605            SCL_RF:Cav01a:Rg01     98.49780     185.653  
   606            SCL_RF:Cav01a:Rg02     98.61140     186.380  
   607            SCL_RF:Cav01a:Rg03     98.72500     187.342  
   608            SCL_RF:Cav01a:Rg04     98.83860     188.429  
   609            SCL_RF:Cav01a:Rg05     98.95220     189.526  
   610            SCL_RF:Cav01a:Rg06     99.06580     190.271  
   611            SCL_RF:Cav01b:Rg01     99.72122     190.439  
   612            SCL_RF:Cav01b:Rg02     99.83482     191.244  
   613            SCL_RF:Cav01b:Rg03     99.94842     192.241  
   614            SCL_RF:Cav01b:Rg04     100.06202     193.339  
   615            SCL_RF:Cav01b:Rg05     100.17562     194.445  
   616            SCL_RF:Cav01b:Rg06     100.28922     195.231  
   617            SCL_RF:Cav01c:Rg01     100.87965     195.445  
   618            SCL_RF:Cav01c:Rg02     100.99325     196.261  
   619            SCL_RF:Cav01c:Rg03     101.10685     197.251  
   620            SCL_RF:Cav01c:Rg04     101.22045     198.344  
   621            SCL_RF:Cav01c:Rg05     101.33405     199.464  
   622            SCL_RF:Cav01c:Rg06     101.44765     200.346  
   623            SCL_RF:Cav02a:Rg01     104.33680     200.651  
   624            SCL_RF:Cav02a:Rg02     104.45040     201.508  
   625            SCL_RF:Cav02a:Rg03     104.56400     202.513  
   626            SCL_RF:Cav02a:Rg04     104.67760     203.608  
   627            SCL_RF:Cav02a:Rg05     104.79120     204.735  
   628            SCL_RF:Cav02a:Rg06     104.90480     205.678  
   629            SCL_RF:Cav02b:Rg01     105.56022     206.274  
   630            SCL_RF:Cav02b:Rg02     105.67382     207.292  
   631            SCL_RF:Cav02b:Rg03     105.78742     208.389  
   632            SCL_RF:Cav02b:Rg04     105.90102     209.520  
   633            SCL_RF:Cav02b:Rg05     106.01462     210.645  
   634            SCL_RF:Cav02b:Rg06     106.12822     211.529  
   635            SCL_RF:Cav02c:Rg01     106.71865     212.015  
   636            SCL_RF:Cav02c:Rg02     106.83225     212.950  
   637            SCL_RF:Cav02c:Rg03     106.94585     213.981  
   638            SCL_RF:Cav02c:Rg04     107.05945     215.077  
   639            SCL_RF:Cav02c:Rg05     107.17305     216.210  
   640            SCL_RF:Cav02c:Rg06     107.28665     217.261  
   641            SCL_RF:Cav03a:Rg01     110.17580     217.834  
   642            SCL_RF:Cav03a:Rg02     110.28940     218.805  
   643            SCL_RF:Cav03a:Rg03     110.40300     219.850  
   644            SCL_RF:Cav03a:Rg04     110.51660     220.947  
   645            SCL_RF:Cav03a:Rg05     110.63020     222.078  
   646            SCL_RF:Cav03a:Rg06     110.74380     223.171  
   647            SCL_RF:Cav03b:Rg01     111.39922     223.828  
   648            SCL_RF:Cav03b:Rg02     111.51282     224.833  
   649            SCL_RF:Cav03b:Rg03     111.62642     225.891  
   650            SCL_RF:Cav03b:Rg04     111.74002     226.989  
   651            SCL_RF:Cav03b:Rg05     111.85362     228.116  
   652            SCL_RF:Cav03b:Rg06     111.96722     229.243  
   653            SCL_RF:Cav03c:Rg01     112.55765     229.980  
   654            SCL_RF:Cav03c:Rg02     112.67125     231.016  
   655            SCL_RF:Cav03c:Rg03     112.78485     232.086  
   656            SCL_RF:Cav03c:Rg04     112.89845     233.185  
   657            SCL_RF:Cav03c:Rg05     113.01205     234.305  
   658            SCL_RF:Cav03c:Rg06     113.12565     235.460  
   659            SCL_RF:Cav04a:Rg01     116.01480     236.272  
   660            SCL_RF:Cav04a:Rg02     116.12840     237.336  
   661            SCL_RF:Cav04a:Rg03     116.24200     238.419  
   662            SCL_RF:Cav04a:Rg04     116.35560     239.518  
   663            SCL_RF:Cav04a:Rg05     116.46920     240.629  
   664            SCL_RF:Cav04a:Rg06     116.58280     241.804  
   665            SCL_RF:Cav04b:Rg01     117.23822     242.686  
   666            SCL_RF:Cav04b:Rg02     117.35182     243.776  
   667            SCL_RF:Cav04b:Rg03     117.46542     244.871  
   668            SCL_RF:Cav04b:Rg04     117.57902     245.969  
   669            SCL_RF:Cav04b:Rg05     117.69262     247.068  
   670            SCL_RF:Cav04b:Rg06     117.80622     248.257  
   671            SCL_RF:Cav04c:Rg01     118.39665     249.204  
   672            SCL_RF:Cav04c:Rg02     118.51025     250.316  
   673            SCL_RF:Cav04c:Rg03     118.62385     251.423  
   674            SCL_RF:Cav04c:Rg04     118.73745     252.520  
   675            SCL_RF:Cav04c:Rg05     118.85105     253.606  
   676            SCL_RF:Cav04c:Rg06     118.96465     254.801  
   677            SCL_RF:Cav05a:Rg01     121.85380     255.807  
   678            SCL_RF:Cav05a:Rg02     121.96740     256.940  
   679            SCL_RF:Cav05a:Rg03     122.08100     258.057  
   680            SCL_RF:Cav05a:Rg04     122.19460     259.153  
   681            SCL_RF:Cav05a:Rg05     122.30820     260.225  
   682            SCL_RF:Cav05a:Rg06     122.42180     261.420  
   683            SCL_RF:Cav05b:Rg01     123.07722     262.479  
   684            SCL_RF:Cav05b:Rg02     123.19082     263.629  
   685            SCL_RF:Cav05b:Rg03     123.30442     264.756  
   686            SCL_RF:Cav05b:Rg04     123.41802     265.852  
   687            SCL_RF:Cav05b:Rg05     123.53162     266.906  
   688            SCL_RF:Cav05b:Rg06     123.64522     268.096  
   689            SCL_RF:Cav05c:Rg01     124.23565     269.202  
   690            SCL_RF:Cav05c:Rg02     124.34925     270.368  
   691            SCL_RF:Cav05c:Rg03     124.46285     271.504  
   692            SCL_RF:Cav05c:Rg04     124.57645     272.598  
   693            SCL_RF:Cav05c:Rg05     124.69005     273.636  
   694            SCL_RF:Cav05c:Rg06     124.80365     274.815  
   695            SCL_RF:Cav06a:Rg01     127.69280     275.962  
   696            SCL_RF:Cav06a:Rg02     127.80640     277.141  
   697            SCL_RF:Cav06a:Rg03     127.92000     278.287  
   698            SCL_RF:Cav06a:Rg04     128.03360     279.379  
   699            SCL_RF:Cav06a:Rg05     128.14720     280.398  
   700            SCL_RF:Cav06a:Rg06     128.26080     281.561  
   701            SCL_RF:Cav06b:Rg01     128.91622     282.744  
   702            SCL_RF:Cav06b:Rg02     129.02982     283.934  
   703            SCL_RF:Cav06b:Rg03     129.14342     285.088  
   704            SCL_RF:Cav06b:Rg04     129.25702     286.179  
   705            SCL_RF:Cav06b:Rg05     129.37062     287.178  
   706            SCL_RF:Cav06b:Rg06     129.48422     288.321  
   707            SCL_RF:Cav06c:Rg01     130.07465     289.534  
   708            SCL_RF:Cav06c:Rg02     130.18825     290.733  
   709            SCL_RF:Cav06c:Rg03     130.30185     291.896  
   710            SCL_RF:Cav06c:Rg04     130.41545     292.985  
   711            SCL_RF:Cav06c:Rg05     130.52905     293.964  
   712            SCL_RF:Cav06c:Rg06     130.64265     295.084  
   713            SCL_RF:Cav07a:Rg01     133.53180     296.322  
   714            SCL_RF:Cav07a:Rg02     133.64540     297.529  
   715            SCL_RF:Cav07a:Rg03     133.75900     298.699  
   716            SCL_RF:Cav07a:Rg04     133.87260     299.786  
   717            SCL_RF:Cav07a:Rg05     133.98620     300.744  
   718            SCL_RF:Cav07a:Rg06     134.09980     301.838  
   719            SCL_RF:Cav07b:Rg01     134.75522     303.096  
   720            SCL_RF:Cav07b:Rg02     134.86882     304.309  
   721            SCL_RF:Cav07b:Rg03     134.98242     305.487  
   722            SCL_RF:Cav07b:Rg04     135.09602     306.571  
   723            SCL_RF:Cav07b:Rg05     135.20962     307.508  
   724            SCL_RF:Cav07b:Rg06     135.32322     308.572  
   725            SCL_RF:Cav07c:Rg01     135.91365     309.847  
   726            SCL_RF:Cav07c:Rg02     136.02725     311.064  
   727            SCL_RF:Cav07c:Rg03     136.14085     312.249  
   728            SCL_RF:Cav07c:Rg04     136.25445     313.331  
   729            SCL_RF:Cav07c:Rg05     136.36805     314.247  
   730            SCL_RF:Cav07c:Rg06     136.48165     315.279  
   731            SCL_RF:Cav08a:Rg01     139.37080     316.567  
   732            SCL_RF:Cav08a:Rg02     139.48440     317.787  
   733            SCL_RF:Cav08a:Rg03     139.59800     318.978  
   734            SCL_RF:Cav08a:Rg04     139.71160     320.058  
   735            SCL_RF:Cav08a:Rg05     139.82520     320.952  
   736            SCL_RF:Cav08a:Rg06     139.93880     321.951  
   737            SCL_RF:Cav08b:Rg01     140.59422     323.248  
   738            SCL_RF:Cav08b:Rg02     140.70782     324.470  
   739            SCL_RF:Cav08b:Rg03     140.82142     325.667  
   740            SCL_RF:Cav08b:Rg04     140.93502     326.745  
   741            SCL_RF:Cav08b:Rg05     141.04862     327.618  
   742            SCL_RF:Cav08b:Rg06     141.16222     328.582  
   743            SCL_RF:Cav08c:Rg01     141.75265     329.884  
   744            SCL_RF:Cav08c:Rg02     141.86625     331.107  
   745            SCL_RF:Cav08c:Rg03     141.97985     332.310  
   746            SCL_RF:Cav08c:Rg04     142.09345     333.385  
   747            SCL_RF:Cav08c:Rg05     142.20705     334.237  
   748            SCL_RF:Cav08c:Rg06     142.32065     335.165  
   749            SCL_RF:Cav09a:Rg01     145.20980     336.469  
   750            SCL_RF:Cav09a:Rg02     145.32340     337.693  
   751            SCL_RF:Cav09a:Rg03     145.43700     338.900  
   752            SCL_RF:Cav09a:Rg04     145.55060     339.974  
   753            SCL_RF:Cav09a:Rg05     145.66420     340.804  
   754            SCL_RF:Cav09a:Rg06     145.77780     341.695  
   755            SCL_RF:Cav09b:Rg01     146.43322     343.000  
   756            SCL_RF:Cav09b:Rg02     146.54682     344.222  
   757            SCL_RF:Cav09b:Rg03     146.66042     345.435  
   758            SCL_RF:Cav09b:Rg04     146.77402     346.506  
   759            SCL_RF:Cav09b:Rg05     146.88762     347.315  
   760            SCL_RF:Cav09b:Rg06     147.00122     348.169  
   761            SCL_RF:Cav09c:Rg01     147.59165     349.472  
   762            SCL_RF:Cav09c:Rg02     147.70525     350.693  
   763            SCL_RF:Cav09c:Rg03     147.81885     351.910  
   764            SCL_RF:Cav09c:Rg04     147.93245     352.979  
   765            SCL_RF:Cav09c:Rg05     148.04605     353.767  
   766            SCL_RF:Cav09c:Rg06     148.15965     354.583  
   767            SCL_RF:Cav10a:Rg01     151.04880     355.881  
   768            SCL_RF:Cav10a:Rg02     151.16240     357.100  
   769            SCL_RF:Cav10a:Rg03     151.27600     358.322  
   770            SCL_RF:Cav10a:Rg04     151.38960     359.388  
   771            SCL_RF:Cav10a:Rg05     151.50320     360.157  
   772            SCL_RF:Cav10a:Rg06     151.61680     360.934  
   773            SCL_RF:Cav10b:Rg01     152.27222     362.227  
   774            SCL_RF:Cav10b:Rg02     152.38582     363.443  
   775            SCL_RF:Cav10b:Rg03     152.49942     364.669  
   776            SCL_RF:Cav10b:Rg04     152.61302     365.733  
   777            SCL_RF:Cav10b:Rg05     152.72662     366.481  
   778            SCL_RF:Cav10b:Rg06     152.84022     367.221  
   779            SCL_RF:Cav10c:Rg01     153.43065     368.506  
   780            SCL_RF:Cav10c:Rg02     153.54425     369.718  
   781            SCL_RF:Cav10c:Rg03     153.65785     370.948  
   782            SCL_RF:Cav10c:Rg04     153.77145     372.010  
   783            SCL_RF:Cav10c:Rg05     153.88505     372.738  
   784            SCL_RF:Cav10c:Rg06     153.99865     373.441  
   785            SCL_RF:Cav11a:Rg01     156.88780     374.716  
   786            SCL_RF:Cav11a:Rg02     157.00140     375.925  
   787            SCL_RF:Cav11a:Rg03     157.11500     377.159  
   788            SCL_RF:Cav11a:Rg04     157.22860     378.218  
   789            SCL_RF:Cav11a:Rg05     157.34220     378.927  
   790            SCL_RF:Cav11a:Rg06     157.45580     379.592  
   791            SCL_RF:Cav11b:Rg01     158.11122     380.865  
   792            SCL_RF:Cav11b:Rg02     158.22482     382.076  
   793            SCL_RF:Cav11b:Rg03     158.33842     383.310  
   794            SCL_RF:Cav11b:Rg04     158.45202     384.355  
   795            SCL_RF:Cav11b:Rg05     158.56562     385.027  
   796            SCL_RF:Cav11b:Rg06     158.67922     385.634  
   797            SCL_RF:Cav11c:Rg01     159.26965     386.905  
   798            SCL_RF:Cav11c:Rg02     159.38325     388.117  
   799            SCL_RF:Cav11c:Rg03     159.49685     389.352  
   800            SCL_RF:Cav11c:Rg04     159.61045     390.382  
   801            SCL_RF:Cav11c:Rg05     159.72405     391.016  
   802            SCL_RF:Cav11c:Rg06     159.83765     391.564  
   803            SCL_RF:Cav12a:Rg01     162.72638     391.574  
   804            SCL_RF:Cav12a:Rg02     162.87738     393.025  
   805            SCL_RF:Cav12a:Rg03     163.02838     395.021  
   806            SCL_RF:Cav12a:Rg04     163.17938     397.166  
   807            SCL_RF:Cav12a:Rg05     163.33038     399.047  
   808            SCL_RF:Cav12a:Rg06     163.48138     399.742  
   809            SCL_RF:Cav12b:Rg01     164.17380     399.477  
   810            SCL_RF:Cav12b:Rg02     164.32480     400.730  
   811            SCL_RF:Cav12b:Rg03     164.47580     402.649  
   812            SCL_RF:Cav12b:Rg04     164.62680     404.883  
   813            SCL_RF:Cav12b:Rg05     164.77780     407.038  
   814            SCL_RF:Cav12b:Rg06     164.92880     408.212  
   815            SCL_RF:Cav12c:Rg01     165.48923     408.062  
   816            SCL_RF:Cav12c:Rg02     165.64023     409.381  
   817            SCL_RF:Cav12c:Rg03     165.79123     411.320  
   818            SCL_RF:Cav12c:Rg04     165.94223     413.560  
   819            SCL_RF:Cav12c:Rg05     166.09323     415.745  
   820            SCL_RF:Cav12c:Rg06     166.24423     417.024  
   821            SCL_RF:Cav12d:Rg01     166.93665     417.165  
   822            SCL_RF:Cav12d:Rg02     167.08765     418.687  
   823            SCL_RF:Cav12d:Rg03     167.23865     420.731  
   824            SCL_RF:Cav12d:Rg04     167.38965     422.996  
   825            SCL_RF:Cav12d:Rg05     167.54065     425.161  
   826            SCL_RF:Cav12d:Rg06     167.69165     426.410  
   827            SCL_RF:Cav13a:Rg01     170.61738     426.496  
   828            SCL_RF:Cav13a:Rg02     170.76838     427.943  
   829            SCL_RF:Cav13a:Rg03     170.91938     429.922  
   830            SCL_RF:Cav13a:Rg04     171.07038     432.174  
   831            SCL_RF:Cav13a:Rg05     171.22138     434.411  
   832            SCL_RF:Cav13a:Rg06     171.37238     435.898  
   833            SCL_RF:Cav13b:Rg01     172.06480     436.104  
   834            SCL_RF:Cav13b:Rg02     172.21580     437.614  
   835            SCL_RF:Cav13b:Rg03     172.36680     439.613  
   836            SCL_RF:Cav13b:Rg04     172.51780     441.869  
   837            SCL_RF:Cav13b:Rg05     172.66880     444.129  
   838            SCL_RF:Cav13b:Rg06     172.81980     445.713  
   839            SCL_RF:Cav13c:Rg01     173.38023     446.039  
   840            SCL_RF:Cav13c:Rg02     173.53123     447.609  
   841            SCL_RF:Cav13c:Rg03     173.68223     449.629  
   842            SCL_RF:Cav13c:Rg04     173.83323     451.890  
   843            SCL_RF:Cav13c:Rg05     173.98423     454.170  
   844            SCL_RF:Cav13c:Rg06     174.13523     455.846  
   845            SCL_RF:Cav13d:Rg01     174.82765     456.293  
   846            SCL_RF:Cav13d:Rg02     174.97865     457.922  
   847            SCL_RF:Cav13d:Rg03     175.12965     459.961  
   848            SCL_RF:Cav13d:Rg04     175.28065     462.227  
   849            SCL_RF:Cav13d:Rg05     175.43165     464.525  
   850            SCL_RF:Cav13d:Rg06     175.58265     466.288  
   851            SCL_RF:Cav14a:Rg01     178.50838     466.854  
   852            SCL_RF:Cav14a:Rg02     178.65938     468.541  
   853            SCL_RF:Cav14a:Rg03     178.81038     470.599  
   854            SCL_RF:Cav14a:Rg04     178.96138     472.869  
   855            SCL_RF:Cav14a:Rg05     179.11238     475.182  
   856            SCL_RF:Cav14a:Rg06     179.26338     477.029  
   857            SCL_RF:Cav14b:Rg01     179.95580     477.713  
   858            SCL_RF:Cav14b:Rg02     180.10680     479.455  
   859            SCL_RF:Cav14b:Rg03     180.25780     481.532  
   860            SCL_RF:Cav14b:Rg04     180.40880     483.806  
   861            SCL_RF:Cav14b:Rg05     180.55980     486.132  
   862            SCL_RF:Cav14b:Rg06     180.71080     488.057  
   863            SCL_RF:Cav14c:Rg01     181.27123     488.856  
   864            SCL_RF:Cav14c:Rg02     181.42223     490.651  
   865            SCL_RF:Cav14c:Rg03     181.57323     492.747  
   866            SCL_RF:Cav14c:Rg04     181.72423     495.024  
   867            SCL_RF:Cav14c:Rg05     181.87523     497.360  
   868            SCL_RF:Cav14c:Rg06     182.02623     499.358  
   869            SCL_RF:Cav14d:Rg01     182.71865     500.270  
   870            SCL_RF:Cav14d:Rg02     182.86965     502.116  
   871            SCL_RF:Cav14d:Rg03     183.02065     504.230  
   872            SCL_RF:Cav14d:Rg04     183.17165     506.510  
   873            SCL_RF:Cav14d:Rg05     183.32265     508.855  
   874            SCL_RF:Cav14d:Rg06     183.47365     510.919  
   875            SCL_RF:Cav15a:Rg01     186.39938     511.942  
   876            SCL_RF:Cav15a:Rg02     186.55038     513.836  
   877            SCL_RF:Cav15a:Rg03     186.70138     515.967  
   878            SCL_RF:Cav15a:Rg04     186.85238     518.250  
   879            SCL_RF:Cav15a:Rg05     187.00338     520.600  
   880            SCL_RF:Cav15a:Rg06     187.15438     522.726  
   881            SCL_RF:Cav15b:Rg01     187.84680     523.855  
   882            SCL_RF:Cav15b:Rg02     187.99780     525.796  
   883            SCL_RF:Cav15b:Rg03     188.14880     527.944  
   884            SCL_RF:Cav15b:Rg04     188.29980     530.230  
   885            SCL_RF:Cav15b:Rg05     188.45080     532.583  
   886            SCL_RF:Cav15b:Rg06     188.60180     534.765  
   887            SCL_RF:Cav15c:Rg01     189.16223     535.997  
   888            SCL_RF:Cav15c:Rg02     189.31323     537.981  
   889            SCL_RF:Cav15c:Rg03     189.46423     540.145  
   890            SCL_RF:Cav15c:Rg04     189.61523     542.433  
   891            SCL_RF:Cav15c:Rg05     189.76623     544.789  
   892            SCL_RF:Cav15c:Rg06     189.91723     547.020  
   893            SCL_RF:Cav15d:Rg01     190.60965     548.351  
   894            SCL_RF:Cav15d:Rg02     190.76065     550.377  
   895            SCL_RF:Cav15d:Rg03     190.91165     552.557  
   896            SCL_RF:Cav15d:Rg04     191.06265     554.847  
   897            SCL_RF:Cav15d:Rg05     191.21365     557.202  
   898            SCL_RF:Cav15d:Rg06     191.36465     559.478  
   899            SCL_RF:Cav16a:Rg01     194.29038     560.904  
   900            SCL_RF:Cav16a:Rg02     194.44138     562.969  
   901            SCL_RF:Cav16a:Rg03     194.59238     565.164  
   902            SCL_RF:Cav16a:Rg04     194.74338     567.456  
   903            SCL_RF:Cav16a:Rg05     194.89438     569.809  
   904            SCL_RF:Cav16a:Rg06     195.04538     572.124  
   905            SCL_RF:Cav16b:Rg01     195.73780     573.640  
   906            SCL_RF:Cav16b:Rg02     195.88880     575.742  
   907            SCL_RF:Cav16b:Rg03     196.03980     577.952  
   908            SCL_RF:Cav16b:Rg04     196.19080     580.244  
   909            SCL_RF:Cav16b:Rg05     196.34180     582.594  
   910            SCL_RF:Cav16b:Rg06     196.49280     584.943  
   911            SCL_RF:Cav16c:Rg01     197.05323     586.545  
   912            SCL_RF:Cav16c:Rg02     197.20423     588.681  
   913            SCL_RF:Cav16c:Rg03     197.35523     590.906  
   914            SCL_RF:Cav16c:Rg04     197.50623     593.199  
   915            SCL_RF:Cav16c:Rg05     197.65723     595.544  
   916            SCL_RF:Cav16c:Rg06     197.80823     597.923  
   917            SCL_RF:Cav16d:Rg01     198.50065     599.606  
   918            SCL_RF:Cav16d:Rg02     198.65165     601.774  
   919            SCL_RF:Cav16d:Rg03     198.80265     604.012  
   920            SCL_RF:Cav16d:Rg04     198.95365     606.307  
   921            SCL_RF:Cav16d:Rg05     199.10465     608.645  
   922            SCL_RF:Cav16d:Rg06     199.25565     611.047  
   923            SCL_RF:Cav17a:Rg01     202.18138     612.807  
   924            SCL_RF:Cav17a:Rg02     202.33238     615.006  
   925            SCL_RF:Cav17a:Rg03     202.48338     617.257  
   926            SCL_RF:Cav17a:Rg04     202.63438     619.552  
   927            SCL_RF:Cav17a:Rg05     202.78538     621.883  
   928            SCL_RF:Cav17a:Rg06     202.93638     624.305  
   929            SCL_RF:Cav17b:Rg01     203.62880     626.138  
   930            SCL_RF:Cav17b:Rg02     203.77980     628.365  
   931            SCL_RF:Cav17b:Rg03     203.93080     630.629  
   932            SCL_RF:Cav17b:Rg04     204.08180     632.924  
   933            SCL_RF:Cav17b:Rg05     204.23280     635.246  
   934            SCL_RF:Cav17b:Rg06     204.38380     637.683  
   935            SCL_RF:Cav17c:Rg01     204.94423     639.584  
   936            SCL_RF:Cav17c:Rg02     205.09523     641.837  
   937            SCL_RF:Cav17c:Rg03     205.24623     644.113  
   938            SCL_RF:Cav17c:Rg04     205.39723     646.409  
   939            SCL_RF:Cav17c:Rg05     205.54823     648.721  
   940            SCL_RF:Cav17c:Rg06     205.69923     651.170  
   941            SCL_RF:Cav17d:Rg01     206.39165     653.135  
   942            SCL_RF:Cav17d:Rg02     206.54265     655.413  
   943            SCL_RF:Cav17d:Rg03     206.69365     657.701  
   944            SCL_RF:Cav17d:Rg04     206.84465     659.996  
   945            SCL_RF:Cav17d:Rg05     206.99565     662.298  
   946            SCL_RF:Cav17d:Rg06     207.14665     664.755  
   947            SCL_RF:Cav18a:Rg01     210.07238     666.779  
   948            SCL_RF:Cav18a:Rg02     210.22338     669.080  
   949            SCL_RF:Cav18a:Rg03     210.37438     671.379  
   950            SCL_RF:Cav18a:Rg04     210.52538     673.674  
   951            SCL_RF:Cav18a:Rg05     210.67638     675.964  
   952            SCL_RF:Cav18a:Rg06     210.82738     678.426  
   953            SCL_RF:Cav18b:Rg01     211.51980     680.506  
   954            SCL_RF:Cav18b:Rg02     211.67080     682.828  
   955            SCL_RF:Cav18b:Rg03     211.82180     685.137  
   956            SCL_RF:Cav18b:Rg04     211.97280     687.433  
   957            SCL_RF:Cav18b:Rg05     212.12380     689.710  
   958            SCL_RF:Cav18b:Rg06     212.27480     692.174  
   959            SCL_RF:Cav18c:Rg01     212.83523     694.306  
   960            SCL_RF:Cav18c:Rg02     212.98623     696.648  
   961            SCL_RF:Cav18c:Rg03     213.13723     698.968  
   962            SCL_RF:Cav18c:Rg04     213.28823     701.263  
   963            SCL_RF:Cav18c:Rg05     213.43923     703.528  
   964            SCL_RF:Cav18c:Rg06     213.59023     705.989  
   965            SCL_RF:Cav18d:Rg01     214.28265     708.171  
   966            SCL_RF:Cav18d:Rg02     214.43365     710.530  
   967            SCL_RF:Cav18d:Rg03     214.58465     712.861  
   968            SCL_RF:Cav18d:Rg04     214.73565     715.155  
   969            SCL_RF:Cav18d:Rg05     214.88665     717.407  
   970            SCL_RF:Cav18d:Rg06     215.03765     719.864  
   971            SCL_RF:Cav19a:Rg01     217.96338     722.090  
   972            SCL_RF:Cav19a:Rg02     218.11438     724.467  
   973            SCL_RF:Cav19a:Rg03     218.26538     726.806  
   974            SCL_RF:Cav19a:Rg04     218.41638     729.100  
   975            SCL_RF:Cav19a:Rg05     218.56738     731.338  
   976            SCL_RF:Cav19a:Rg06     218.71838     733.789  
   977            SCL_RF:Cav19b:Rg01     219.41080     736.057  
   978            SCL_RF:Cav19b:Rg02     219.56180     738.449  
   979            SCL_RF:Cav19b:Rg03     219.71280     740.798  
   980            SCL_RF:Cav19b:Rg04     219.86380     743.091  
   981            SCL_RF:Cav19b:Rg05     220.01480     745.315  
   982            SCL_RF:Cav19b:Rg06     220.16580     747.758  
   983            SCL_RF:Cav19c:Rg01     220.72623     750.065  
   984            SCL_RF:Cav19c:Rg02     220.87723     752.471  
   985            SCL_RF:Cav19c:Rg03     221.02823     754.828  
   986            SCL_RF:Cav19c:Rg04     221.17923     757.120  
   987            SCL_RF:Cav19c:Rg05     221.33023     759.330  
   988            SCL_RF:Cav19c:Rg06     221.48123     761.763  
   989            SCL_RF:Cav19d:Rg01     222.17365     764.105  
   990            SCL_RF:Cav19d:Rg02     222.32465     766.524  
   991            SCL_RF:Cav19d:Rg03     222.47565     768.890  
   992            SCL_RF:Cav19d:Rg04     222.62665     771.181  
   993            SCL_RF:Cav19d:Rg05     222.77765     773.377  
   994            SCL_RF:Cav19d:Rg06     222.92865     775.797  
   995            SCL_RF:Cav20a:Rg01     225.85438     778.172  
   996            SCL_RF:Cav20a:Rg02     226.00538     780.603  
   997            SCL_RF:Cav20a:Rg03     226.15638     782.977  
   998            SCL_RF:Cav20a:Rg04     226.30738     785.267  
   999            SCL_RF:Cav20a:Rg05     226.45838     787.448  
  1000            SCL_RF:Cav20a:Rg06     226.60938     789.855  
  1001            SCL_RF:Cav20b:Rg01     227.30180     792.260  
  1002            SCL_RF:Cav20b:Rg02     227.45280     794.703  
  1003            SCL_RF:Cav20b:Rg03     227.60380     797.084  
  1004            SCL_RF:Cav20b:Rg04     227.75480     799.374  
  1005            SCL_RF:Cav20b:Rg05     227.90580     801.540  
  1006            SCL_RF:Cav20b:Rg06     228.05680     803.931  
  1007            SCL_RF:Cav20c:Rg01     228.61723     806.364  
  1008            SCL_RF:Cav20c:Rg02     228.76823     808.817  
  1009            SCL_RF:Cav20c:Rg03     228.91923     811.206  
  1010            SCL_RF:Cav20c:Rg04     229.07023     813.494  
  1011            SCL_RF:Cav20c:Rg05     229.22123     815.646  
  1012            SCL_RF:Cav20c:Rg06     229.37223     818.021  
  1013            SCL_RF:Cav20d:Rg01     230.06465     820.479  
  1014            SCL_RF:Cav20d:Rg02     230.21565     822.941  
  1015            SCL_RF:Cav20d:Rg03     230.36665     825.337  
  1016            SCL_RF:Cav20d:Rg04     230.51765     827.625  
  1017            SCL_RF:Cav20d:Rg05     230.66865     829.761  
  1018            SCL_RF:Cav20d:Rg06     230.81965     832.119  
  1019            SCL_RF:Cav21a:Rg01     233.74538     834.601  
  1020            SCL_RF:Cav21a:Rg02     233.89638     837.072  
  1021            SCL_RF:Cav21a:Rg03     234.04738     839.475  
  1022            SCL_RF:Cav21a:Rg04     234.19838     841.761  
  1023            SCL_RF:Cav21a:Rg05     234.34938     843.883  
  1024            SCL_RF:Cav21a:Rg06     234.50038     846.222  
  1025            SCL_RF:Cav21b:Rg01     235.19280     848.726  
  1026            SCL_RF:Cav21b:Rg02     235.34380     851.204  
  1027            SCL_RF:Cav21b:Rg03     235.49480     853.614  
  1028            SCL_RF:Cav21b:Rg04     235.64580     855.899  
  1029            SCL_RF:Cav21b:Rg05     235.79680     858.005  
  1030            SCL_RF:Cav21b:Rg06     235.94780     860.326  
  1031            SCL_RF:Cav21c:Rg01     236.50823     862.848  
  1032            SCL_RF:Cav21c:Rg02     236.65923     865.334  
  1033            SCL_RF:Cav21c:Rg03     236.81023     867.750  
  1034            SCL_RF:Cav21c:Rg04     236.96123     870.033  
  1035            SCL_RF:Cav21c:Rg05     237.11223     872.125  
  1036            SCL_RF:Cav21c:Rg06     237.26323     874.426  
  1037            SCL_RF:Cav21d:Rg01     237.95565     876.967  
  1038            SCL_RF:Cav21d:Rg02     238.10665     879.459  
  1039            SCL_RF:Cav21d:Rg03     238.25765     881.881  
  1040            SCL_RF:Cav21d:Rg04     238.40865     884.163  
  1041            SCL_RF:Cav21d:Rg05     238.55965     886.240  
  1042            SCL_RF:Cav21d:Rg06     238.71065     888.521  
  1043            SCL_RF:Cav22a:Rg01     241.63638     891.077  
  1044            SCL_RF:Cav22a:Rg02     241.78738     893.575  
  1045            SCL_RF:Cav22a:Rg03     241.93838     896.003  
  1046            SCL_RF:Cav22a:Rg04     242.08938     898.284  
  1047            SCL_RF:Cav22a:Rg05     242.24038     900.346  
  1048            SCL_RF:Cav22a:Rg06     242.39138     902.606  
  1049            SCL_RF:Cav22b:Rg01     243.08380     905.177  
  1050            SCL_RF:Cav22b:Rg02     243.23480     907.681  
  1051            SCL_RF:Cav22b:Rg03     243.38580     910.114  
  1052            SCL_RF:Cav22b:Rg04     243.53680     912.394  
  1053            SCL_RF:Cav22b:Rg05     243.68780     914.442  
  1054            SCL_RF:Cav22b:Rg06     243.83880     916.681  
  1055            SCL_RF:Cav22c:Rg01     244.39923     919.264  
  1056            SCL_RF:Cav22c:Rg02     244.55023     921.773  
  1057            SCL_RF:Cav22c:Rg03     244.70123     924.211  
  1058            SCL_RF:Cav22c:Rg04     244.85223     926.490  
  1059            SCL_RF:Cav22c:Rg05     245.00323     928.523  
  1060            SCL_RF:Cav22c:Rg06     245.15423     930.740  
  1061            SCL_RF:Cav22d:Rg01     245.84665     933.336  
  1062            SCL_RF:Cav22d:Rg02     245.99765     935.849  
  1063            SCL_RF:Cav22d:Rg03     246.14865     938.292  
  1064            SCL_RF:Cav22d:Rg04     246.29965     940.570  
  1065            SCL_RF:Cav22d:Rg05     246.45065     942.589  
  1066            SCL_RF:Cav22d:Rg06     246.60165     944.784  
  1067            SCL_RF:Cav23a:Rg01     249.52738     947.391  
  1068            SCL_RF:Cav23a:Rg02     249.67838     949.907  
  1069            SCL_RF:Cav23a:Rg03     249.82938     952.356  
  1070            SCL_RF:Cav23a:Rg04     249.98038     954.632  
  1071            SCL_RF:Cav23a:Rg05     250.13138     956.637  
  1072            SCL_RF:Cav23a:Rg06     250.28238     958.811  
  1073            SCL_RF:Cav23b:Rg01     250.97480     961.426  
  1074            SCL_RF:Cav23b:Rg02     251.12580     963.946  
  1075            SCL_RF:Cav23b:Rg03     251.27680     966.400  
  1076            SCL_RF:Cav23b:Rg04     251.42780     968.675  
  1077            SCL_RF:Cav23b:Rg05     251.57880     970.666  
  1078            SCL_RF:Cav23b:Rg06     251.72980     972.817  
  1079            SCL_RF:Cav23c:Rg01     252.29023     975.441  
  1080            SCL_RF:Cav23c:Rg02     252.44123     977.964  
  1081            SCL_RF:Cav23c:Rg03     252.59223     980.422  
  1082            SCL_RF:Cav23c:Rg04     252.74323     982.696  
  1083            SCL_RF:Cav23c:Rg05     252.89423     984.673  
  1084            SCL_RF:Cav23c:Rg06     253.04523     986.803  
  1085            SCL_RF:Cav23d:Rg01     253.73765     989.434  
  1086            SCL_RF:Cav23d:Rg02     253.88865     991.960  
  1087            SCL_RF:Cav23d:Rg03     254.03965     994.422  
  1088            SCL_RF:Cav23d:Rg04     254.19065     996.695  
  1089            SCL_RF:Cav23d:Rg05     254.34165     998.659  
  1090            SCL_RF:Cav23d:Rg06     254.49265     1000.765  
