% PARTICLE_ATTRIBUTES_CONTROLLERS_NAMES 
% BUNCH_ATTRIBUTE_DOUBLE charge   1 
% BUNCH_ATTRIBUTE_DOUBLE classical_radius   1.5347e-18 
% BUNCH_ATTRIBUTE_DOUBLE macro_size   10 
% BUNCH_ATTRIBUTE_DOUBLE mass   0.938272 
%  SYNC_PART_COORDS 0 0 0  x, y, z positions in [m]
%  SYNC_PART_MOMENTUM 0 0 1.6960377354293  px, py, pz momentum component in GeV/c
%  SYNC_PART_X_AXIS 1 0 0  nxx, nxy, pxz - x-axis ort coordinates
%  info only: energy of the synchronous particle [GeV] = 1 
%  info only: momentum of the synchronous particle [GeV/c] = 1.6960377354293 
%  info only: beta=v/c of the synchronous particle = 0.87502565967483 
%  info only: gamma=1/sqrt(1-(v/c)**2) of the synchronous particle = 2.0657890249309 
%  SYNC_PART_TIME 1.9060246491635e-09  time in [sec]
% x[m] px[rad] y[m] py[rad] z[m]  (pz or dE [GeV]) 
-0.0021063175 -0.0029936879 0.0038138804 0.0028787889 99.942561 1.2578179e-13 
0.0054995524 0.0012185128 -0.0034484333 -0.0049008565 26.294165 9.1172058e-14 
-0.0057225366 0.0019161366 0.0030097813 -0.0040706463 -69.974186 -1.2730917e-13 
0.0023510397 0.0063632422 0.0099506913 0.048092292 -81.986508 -0.13410307 
0.0049148522 0.002435761 -0.0001948639 -0.003819371 -105.11333 -1.1900462e-13 
-0.0037080487 -0.0014115384 0.0030553565 -0.0046105843 53.492929 1.384585e-13 
-0.02198838 0.01928304 -0.038048889 -0.11399885 -5.476367 -0.78269261 
0.0044788904 0.0034926379 -0.0041262614 0.00019102345 20.459695 -1.2797498e-13 
0.00069029934 0.011808572 0.022181157 0.12249368 12.489211 -0.34221188 
-0.0042487677 -0.0028016119 -0.0034782075 -0.0032550116 89.787275 -8.7848423e-14 
0.006142733 -0.0030782044 0.0040719431 -0.0018660891 -112.08221 -1.6061421e-13 
8.0408301e-05 -0.0018569684 -0.0083191544 0.0037730491 106.91251 -0.2332522 
0.0024515377 0.0026194444 -0.0069123975 0.0027882459 -78.931346 8.0719509e-14 
0.0020925945 0.0029895768 0.0056091486 -0.0022740886 56.634724 -5.8419903e-14 
0.0029711216 0.001464193 0.0034328837 0.0048246469 -63.779041 1.084525e-13 
-0.0086349365 -0.0013297446 -0.0017209969 -0.0046904626 99.446533 -1.6123234e-13 
0.0016367543 0.0029657371 0.003186396 0.0029801104 -37.815215 -1.0582442e-13 
-0.0088314961 0.0016987594 0.00045661555 0.0042749877 -6.8230959 7.5454949e-15 
-0.011253041 -0.045192941 -0.00077153411 0.016719403 73.660432 -0.14612653 
0.018052962 -0.21543526 -0.0017923891 -0.11728763 -76.358455 -0.80335738 
0.0023904069 0.001815744 -0.0019460957 0.0044256282 -61.011507 -1.2904985e-13 
-0.0019859252 0.0026175966 0.0078485264 0.0031291149 70.754909 2.167311e-14 
-0.0043137657 0.00093296409 -0.0044575136 -0.0050167289 -69.856995 -4.5288256e-14 
0.007517066 0.0032288055 0.0057445063 0.0015247937 -39.078736 3.4402507e-14 
-4.803687e-05 0.0013529166 -0.0028657403 0.0046951046 -21.753283 5.0758578e-14 
-0.040161909 -0.25852151 -0.046969951 -0.052750286 10.930732 -0.84657051 
-0.010760441 -0.03848286 0.0030209149 -0.014420774 75.146621 -0.064999581 
0.0076106043 0.021478915 -0.011084793 -0.043684699 63.933318 -0.37068159 
-0.0025603373 0.012624097 -0.00085611783 -0.070191857 -21.59437 -0.70397243 
0.0065314391 -0.00063190502 -0.0071942787 -0.0048799868 68.389671 -1.4420122e-13 
5.8396862e-05 -0.10128239 0.012055373 0.040003813 -33.033166 -0.75212806 
0.0091213301 0.047522255 -0.058995212 -0.21278209 53.74083 -0.84195481 
-0.0021356623 -0.0025119672 0.00023098665 -0.0037578905 69.669837 1.0682958e-13 
-0.0042924986 0.0023726768 0.0068459271 0.0035847232 35.06132 -3.1644206e-14 
0.0033778166 -0.0030377531 -0.0024794422 0.0024883351 80.359826 -1.1301526e-13 
-6.64675e-06 -0.0032135201 -0.0053472034 -0.0020518649 78.267857 -1.7178242e-13 
0.0043344148 0.00035496572 -0.001029489 -0.0052050204 120.46055 -5.3020597e-14 
0.0033343618 -0.0018519109 -0.0030657946 -0.004475987 -120.61741 -1.3660358e-14 
-0.017058635 -0.028306243 -0.023329601 0.066442156 -39.042792 -0.77026284 
-0.0034320632 0.0035058792 -0.0025309884 0.00010329129 -58.548945 -9.6591931e-14 
-0.0082964494 -0.0032025962 -0.00509184 0.0012958257 -26.629352 -4.2960186e-14 
0.0063392718 0.0017054772 -0.006068069 -0.004427217 -117.25763 8.7702137e-14 
-0.0017522 -0.0022780235 0.0043118784 0.0040630407 -30.878434 1.2950092e-13 
0.0061304003 -0.0020223377 -0.0071263659 -0.0039151931 90.843884 9.1108138e-14 
-0.0008488417 0.0033235874 -0.0068479336 0.00031127864 90.290729 5.3372501e-14 
0.0035972061 -0.0031993885 0.0063256072 0.0016030052 -81.817169 8.1986101e-14 
-0.0051811726 -0.029469263 0.011260347 0.070922014 -78.268267 -0.52756679 
0.0087118093 0.026189792 0.013230159 0.022917072 68.983192 -0.42880626 
-0.00054496277 -0.0012300426 -0.0034185101 0.0047179189 16.349152 -1.5529173e-13 
0.0064839565 -0.0032834127 0.0020313476 -0.0013428825 -120.69713 2.0945814e-15 
0.0077550518 -0.0028558784 0.0017499741 -0.0025832753 77.753188 4.2052167e-14 
-0.0028083351 5.6000553e-05 -0.0068206635 -0.0051438122 -10.788633 2.8657717e-14 
-0.0079005891 -3.236708e-05 -0.00026505325 -0.0050506883 -76.192442 4.0159153e-14 
0.0041682835 0.0021663642 0.0067281831 -0.0034605992 20.569434 -4.907136e-14 
0.0068387498 0.0025159328 -7.661295e-05 -0.0036167955 -114.30739 -2.9397058e-14 
-0.0011492444 -0.0025465367 -0.0029376532 -0.0037461865 69.736218 -1.425364e-14 
-0.0069821233 -0.0034242887 0.00072473383 0.00131716 60.287846 -6.7247115e-15 
-0.0053747947 -0.00065437835 0.0063320063 0.0050170355 -86.753864 -1.0516235e-13 
0.0016175568 -0.0030210373 -0.0090422888 -0.0016283931 -93.062517 1.3930889e-13 
0.0029038597 -0.0032482097 -0.0040411537 0.0016352745 57.194663 -8.1402827e-14 
0.00084298567 0.0031224868 0.0094574261 0.00014924625 9.7334782 1.6300619e-13 
-0.013519562 0.04071032 -0.04937986 -0.14835775 43.76793 -0.77326283 
-0.004396785 -0.0029994044 0.0076221611 -0.054270156 61.627202 -0.15652107 
0.0031743727 -0.0030795107 -0.0022863325 -0.0025935009 59.077488 1.1928769e-13 
-0.00081372314 -0.003058079 -0.0097610157 0.00028983337 -106.28132 -4.3236556e-14 
-0.0033748014 0.0026235213 -0.0093496587 -0.0027164767 83.205293 -1.5533267e-13 
-0.011606999 -0.079119724 0.030086329 0.039087377 73.128749 -0.77258628 
-0.0065901931 -0.0033966393 0.0047241122 -0.00054731721 -119.58094 -1.7020636e-13 
0.0041780605 0.0031821709 0.0078428679 -0.00077161199 112.83624 4.5285299e-14 
-0.00052582527 0.01670901 0.0016736496 -0.0071727749 -59.623471 -0.11580853 
-0.0005997081 -0.0035927062 0.00092945185 -0.00022341529 110.10141 3.5767724e-15 
0.0025486848 0.0031879745 0.0075898031 0.0015559928 -123.4998 1.3239431e-13 
0.0090346784 -0.0013148576 0.00376999 0.0045635972 76.404617 -1.3858259e-13 
-0.042087543 -0.037807606 0.015630541 -0.010274302 -63.222452 -0.7737318 
0.0014891865 0.0031639609 -0.0031500713 -0.0024869573 83.665371 -6.2066449e-15 
-0.063932629 -0.13186252 -0.035839475 -0.086295892 -93.392813 -0.78827817 
0.0060033913 -0.012353505 -0.011153353 -0.012729656 32.502248 -0.41424138 
0.0083722555 0.0029990628 0.00066385396 0.0026296561 -51.048246 1.1217743e-13 
-0.0046275837 -0.0034564414 0.0036133832 0.0011044562 64.389057 -2.5443296e-14 
-0.0049801772 -0.0013258063 -0.0064180481 0.0042318759 84.773775 -2.1610052e-14 
-0.0039300996 0.002065027 -0.0013295465 0.0041378932 -73.74962 6.9376701e-14 
0.06827384 -0.018735333 -0.01347296 -0.11202364 102.03471 -0.8278152 
0.0034699498 -0.0032420721 -0.007507029 -0.00050508678 60.988108 1.4093983e-13 
-0.0051796051 -0.00049605674 0.0048861988 -0.0047516284 -7.0734304 1.2285756e-13 
0.0026502016 -0.0001008685 0.0079793051 0.0050539947 99.749249 -7.1471122e-14 
0.0090157905 -8.5503682e-05 0.00081395125 -0.0049313359 -114.46389 -4.7263558e-14 
0.0006911972 -0.0026971378 0.0066179223 0.0032028131 46.158786 -8.7599111e-14 
0.012053686 0.069399931 -0.0073102707 -0.023919114 94.516832 -0.64275295 
-0.0050919944 -0.0034868586 -0.001589657 -0.0011497058 69.93034 1.618515e-14 
0.0066183344 -0.0025010326 -0.0045283324 -0.0034240003 17.398318 2.4011627e-14 
0.00026032787 0.0021987276 -0.0065488863 -0.0040045691 -43.434329 5.6666508e-14 
-0.0021201043 0.0020117412 -0.0087893727 -0.0039175 32.263765 1.1466368e-13 
0.0073416355 0.056887573 0.0010868371 -0.022173329 50.30317 -0.49779135 
0.066554668 0.067823003 0.030799964 0.14439849 118.27261 -0.80814935 
-0.0025120111 -0.0030220125 -0.0075137778 0.0016731755 54.875764 4.8779723e-14 
0.0052467987 0.0025189824 -0.0075653485 -0.003328119 -105.97623 8.9571613e-14 
0.0051263679 0.0023636401 0.0018005287 0.0039371135 -3.3600164 8.8515329e-14 
0.0024454655 -0.0035177405 -0.00044704694 -0.00083513421 -37.237486 1.6711236e-13 
-0.0065691583 0.0011792485 0.0031209972 -0.0045796237 -11.171361 1.7060408e-13 
0.00041613393 0.0015520566 0.006592757 -0.0041241918 5.3961112 4.497957e-14 
0.0074740778 0.0032794068 0.0010969555 0.0019003527 -103.39438 -8.0859751e-14 
-0.0081719952 0.0026160927 0.0015509436 -0.0030496857 13.790779 9.6125974e-14 
0.0053224764 -0.0029430676 -0.0028432984 0.0025239544 13.926308 8.3822245e-14 
-0.024939412 0.18434637 -0.012331054 -0.068264866 -10.853965 -0.78318084 
-0.0029988335 -0.00018949236 -0.0046394744 -0.00524259 -48.865694 1.5764862e-13 
-0.0039745621 0.0033457472 -0.0059176795 -0.00014026879 -96.891539 -9.3507999e-14 
-0.00072616214 -0.00062266934 0.009056232 0.004885788 -78.549203 2.773238e-14 
-0.0028582961 -0.0034211857 0.0058164967 0.00056027281 -46.475602 -1.7458665e-16 
0.0076479189 0.00022461356 -0.0030955145 -0.0050972228 -59.048448 -4.3886254e-14 
-0.0025270613 -0.00024169321 0.0069796081 0.0051290264 115.09527 1.4283092e-13 
0.0041257632 -0.0013377899 -0.0043994417 0.0044689264 -73.752175 -3.7377189e-14 
0.0053408222 0.00095538177 -0.0074531787 -0.035819521 -78.446386 -0.22994251 
0.007677618 -0.00016674908 0.0030764627 -0.0048499689 -50.675273 -6.8584495e-14 
0.0046730861 0.020190588 -0.011398783 -0.03640777 -0.37713685 -0.25832207 
-0.00032867863 -0.0013974434 -0.0040923128 0.0045528679 -112.04076 -1.5592001e-13 
-0.005672079 -0.0019950387 2.014065e-05 -0.0042879257 -44.326387 -1.3779178e-13 
0.0037124909 -0.0030635369 -0.0019821051 -0.0026051652 -37.088159 -3.7555188e-14 
-0.007345921 -0.0029565153 -0.0053715262 0.0021586027 89.638168 -1.0994629e-13 
0.061995099 0.17755498 -0.01382366 -0.013331316 46.466028 -0.81085747 
-0.0037155951 -0.044239385 0.026480525 0.034775233 -110.86964 -0.72295875 
-0.0054820489 -0.012625419 0.004778812 -0.010391231 -28.04592 -0.019894776 
-0.0032675675 0.0014200548 -0.0073230898 -0.0046084447 -0.78270662 1.5259853e-13 
0.00048939621 0.0023565893 -0.0093501369 -0.0033863051 99.272328 -1.2472383e-13 
-0.010279285 -0.01381947 -0.0057637641 -0.067148709 -34.689118 -0.13936538 
0.0012318888 0.0032050099 0.0086940396 0.00023956163 73.359101 1.6608431e-13 
0.002158443 0.0035176308 0.00061344971 0.0011579649 -22.287979 1.3782348e-13 
-0.027284047 -0.10582672 -0.028426205 0.022912433 122.23576 -0.80482718 
-0.0015725835 0.0033774083 0.0061417457 0.00057469487 121.0143 -1.0770829e-13 
0.00076904106 0.014558367 0.0060299492 -0.023568959 -36.040283 -0.013022611 
-0.0076852596 0.0027395406 -0.0030101947 -0.0029529202 8.2131313 -8.6563155e-14 
-0.0085332072 -0.003439775 0.0031077447 0.00038031819 94.672118 -5.6634737e-14 
-0.0058378767 -0.0011599214 0.00060560675 -0.0048510671 66.232949 1.2839638e-13 
0.0061600179 -0.0016445417 0.0031817238 0.0045247955 -10.160909 -2.1307536e-14 
-0.00083097987 -0.0023912637 -0.0053358612 0.0034389067 123.49219 2.829139e-14 
0.0005499189 -0.0028080664 0.0023162433 0.0033031793 -52.466854 -2.123548e-14 
-0.00080055355 0.0028536777 0.0014558542 -0.0031024237 -106.98812 1.4183682e-13 
-0.006658578 0.0033501718 0.00074608282 0.0011380886 107.10362 2.1170553e-15 
0.0046463901 -0.0015680168 -0.0016038042 -0.0046624136 -67.273703 -7.2609121e-14 
0.00052875187 -0.076482632 -0.035445081 -0.080993138 54.533223 -0.60042044 
-0.0006776808 0.0001319053 -0.0026486673 0.0050980129 -107.65045 -6.3761652e-14 
-0.0039204046 -0.0029740403 0.0046944657 0.0028156688 -97.877768 8.6912306e-15 
-0.0080989111 -0.0054546045 0.0075431922 -0.01007756 -9.6337908 -0.28881575 
-0.0042653643 0.0035186477 -5.2445131e-05 3.2672908e-05 115.66993 -8.9998951e-14 
0.0005457842 -0.0032665868 -0.001581432 0.0020790002 71.161625 -1.3905892e-13 
0.0072612919 -0.0033384888 -0.0027112463 0.00060614961 70.891898 -4.1555646e-14 
-0.0022033534 -0.0034382958 0.0014892206 -0.0014640384 121.07556 9.8146378e-14 
-0.003660236 -0.054546052 0.009316249 0.070015189 27.028925 -0.56500109 
0.0016323227 -0.0030969479 0.003065113 -0.0023623123 75.100053 -1.7197815e-14 
0.0037918459 0.0029982507 0.0027010351 0.0028934879 -49.654191 1.5929972e-13 
-0.00094437824 0.00097158611 0.00031806585 0.0050677357 72.908024 -1.1647348e-13 
0.003261882 0.027901973 0.0073069825 -0.013906728 -70.62218 -0.28245874 
0.0041014365 0.00016615938 -0.0089163628 -0.0049225388 108.49482 1.5843808e-13 
-0.0025422366 -0.0034523163 -0.0029764102 -0.0013761984 68.840276 -5.5807891e-14 
-0.0041372677 -0.0025379202 -0.00727842 0.0028143988 62.211592 -2.8531202e-15 
-0.009912054 -0.018093897 0.0036706457 0.04559491 -32.5594 -0.29462019 
-0.0012680297 0.0028750362 0.0029326879 -0.0029089286 7.4970846 -3.6613253e-14 
0.0066312425 0.026546169 0.0096503225 0.026747615 117.78211 -0.25066576 
-0.042132505 -0.034080125 0.03375783 0.017851439 -56.123597 -0.77720464 
-0.0033957277 -0.0030899475 0.0025387232 -0.0024928131 -102.3391 -1.3410184e-13 
0.026614759 0.14623088 0.0089377793 0.024399528 -111.23096 -0.47224599 
-0.0014430895 0.0016726394 0.001888741 0.0046817007 -32.946709 -7.8509437e-14 
-0.024541108 -0.055055173 0.020120096 -0.018282074 -43.333326 -0.59748492 
0.026460248 -0.015453477 0.0036580657 0.019036116 44.868095 -0.77867996 
-0.0052776236 0.0034572508 -0.0014121953 -0.00060340935 -79.589896 8.804794e-15 
-0.0045872381 -0.021306728 -0.0025754321 0.012624607 -26.280739 -0.099447286 
-0.0036985776 -0.0022270226 0.0062527962 0.0039674044 -115.9514 -1.1387346e-13 
0.05419274 0.056966071 0.08806736 0.12865407 -7.2770105 -0.81980522 
-0.034284979 -0.10285177 -0.041501267 -0.064673601 6.9594604 -0.72163318 
-0.0010171447 -0.0013766654 -0.0050990007 -0.0048487692 111.03635 2.8937026e-15 
0.0086475348 0.033888793 0.026067512 0.077007443 -18.730495 -0.66062986 
-0.0024046443 -0.0031370056 -0.0088788456 -0.0011578586 4.5833396 -6.8505267e-14 
-0.005194369 -0.0024788926 -0.0031769029 0.0035147607 -26.119791 -1.3082061e-13 
0.0030976298 -0.0024092841 0.0066431801 -0.0030964563 4.6825243 -5.9102734e-14 
0.003923836 -0.0019763063 0.0081094543 0.0039825699 -63.856624 -1.0476497e-13 
-0.0048760346 -0.0025065775 -0.0060515621 -0.0035537553 -36.140423 -4.4914478e-14 
0.0051190332 -0.0012815173 0.0028296842 -0.0046171045 3.6473922 -1.6567875e-13 
0.061900652 0.19627162 0.028766246 0.10611898 -60.446891 -0.84735459 
-0.0036713185 -0.0033624189 -0.0047501365 -0.0014987775 45.04381 -3.7278818e-14 
0.032639145 0.03636961 -0.037617583 -0.13434467 38.930314 -0.80282566 
0.0026911061 -0.0013058666 0.0007931185 -0.0048237934 15.06797 -1.0225162e-13 
0.0079128809 0.00028083992 -0.0008203623 -0.0050575614 75.560534 -2.766617e-14 
0.0016317967 0.00048806167 0.0096941889 0.0048373485 72.940138 3.6220925e-14 
-0.0025044464 0.0032086546 -0.0065304103 0.0011152239 104.26181 1.1483174e-13 
-0.012177094 0.0026338815 0.031285435 0.029660473 79.780126 -0.75362335 
-0.0036672368 -0.0033653588 -0.00096527335 0.0017893187 -40.749192 -1.3762162e-13 
0.009424735 -0.042859083 -0.017065874 -0.096193392 -2.840116 -0.24137651 
-0.0061385141 -0.029257408 -0.0015798853 0.010403659 -73.584378 -0.1068386 
-0.0010388523 0.0010997187 -0.005726274 -0.0049640846 57.36411 -3.0415085e-15 
-0.0037732069 -0.0035035069 -0.0038178609 0.00037149656 -39.602863 -9.9952251e-15 
-0.0021848935 -0.0019040873 -0.00098040295 0.0044120131 55.200423 -7.9842423e-14 
-0.0009424834 0.0010005624 -0.0019508288 0.0049389882 79.290097 -1.2528074e-13 
0.003147399 -0.0030557411 -0.0065650937 0.0016678492 -104.24583 -1.5974749e-13 
0.0024642711 -0.0007698909 -0.0050271003 0.0047195354 -121.05536 2.8947354e-14 
-0.0042836082 -0.002009203 -0.0090108998 -0.0038818192 -76.504276 2.400734e-14 
0.021637438 -0.031703966 0.028259878 0.021884714 -102.19636 -0.77172016 
0.0052016893 -0.0033362243 0.0014427186 -0.0013968017 78.509021 -7.1923221e-14 
-0.003648662 0.0082727322 0.0022099017 0.036344954 -44.577513 -0.45742202 
-0.0013824416 -0.0017812642 0.0039568946 -0.0042831473 -89.374824 -1.5327976e-13 
-0.0021722616 0.0025800378 0.0081181183 0.0031476974 12.934082 1.3197913e-13 
0.0046936576 -0.0027490413 0.0048766544 -0.0027129197 -69.85311 1.4475377e-13 
0.0068518905 -0.0029530087 -0.0005190956 0.002545121 61.462984 -8.8692515e-15 
0.0070152374 0.0031429474 0.0066099166 0.0017496433 58.738358 3.6955841e-14 
0.0049497942 0.0025463054 -0.00051222345 0.0036332755 -85.021788 5.7184285e-14 
-0.00076696524 0.016127851 -0.0083554348 -0.027843605 20.550352 -0.29069359 
0.003261672 -0.038235399 -0.0058316234 0.022777253 -83.349319 -0.23235949 
-0.00043012165 -0.0035298223 -0.0033342511 0.00034342548 80.011357 1.0156361e-13 
0.0080913158 0.0030877972 -0.0014382041 -0.00243576 -36.019347 -1.1579758e-13 
-0.0081820755 -0.07418721 0.024321944 0.063726732 -40.03952 -0.73926258 
-0.00051139881 0.0034334165 0.0061690302 0.036027101 64.664851 -0.14611706 
-0.005771736 -0.003549463 -0.00096292538 -0.00048156765 100.56542 1.2739991e-13 
0.029230494 0.12236731 0.026321172 0.047573791 -5.4738419 -0.60239855 
0.0042940618 0.0012377093 0.0068208592 0.004776463 80.41417 -5.1710813e-14 
0.004082753 0.00352899 0.0022898601 0.00083520639 -20.093617 -1.2220184e-13 
0.004362644 0.015295504 0.0019608678 0.024760757 -89.792133 -0.11704179 
-0.033748074 -0.040414796 0.0099903176 0.014334367 -74.352954 -0.75234883 
-0.0060917619 -0.028518588 -0.0071496726 -0.032339499 37.932556 -0.21934594 
-0.0016633587 0.0007406863 -0.0041569743 -0.0051629643 50.821263 -4.6012497e-14 
-0.001097845 0.0026749046 0.004169676 -0.0031361892 -100.43893 -1.1866433e-13 
0.0031887777 0.042994582 -0.05491644 -0.060636046 -2.802313 -0.78409041 
0.00523806 -0.0032261639 0.0036296573 0.001817556 15.541175 2.5629748e-14 
0.0046898275 0.0028505006 0.00083238695 -0.0031176825 76.635854 -1.4817413e-13 
-0.0027822893 0.0031069732 -0.0091576108 -0.00051014501 -26.324357 -1.7093811e-13 
-0.0031896439 0.0031854305 -0.0082660759 -0.00044098818 -106.49768 1.771461e-14 
-0.0057312442 0.00073694396 -0.0034752124 0.004787044 -10.388716 1.2614389e-13 
0.0086843663 -0.028488006 0.023842096 0.062055494 103.09682 -0.76316289 
-0.0027028984 -0.037471053 0.023485281 0.092539927 25.409379 -0.435455 
-0.0018039587 -0.003143054 0.0017605361 -0.0024591877 18.017275 2.9623256e-14 
-0.0007513062 0.0013817756 0.0044253943 0.004864213 7.0495586 3.7814031e-14 
-0.00032437745 0.0033251543 -9.098755e-05 0.0019915057 -37.280519 1.5352082e-13 
-0.0017599644 0.0033519485 0.0064454785 -0.00012657633 51.072984 1.2334777e-13 
0.0086580801 0.0034688644 -0.00067245436 0.0005111686 90.638286 9.1231798e-14 
0.0083000215 0.0073794341 -0.01128832 -0.076295158 -63.157208 -0.30273222 
-0.00028873251 -0.0020136468 -0.0058782291 0.0038156369 103.02275 8.0563194e-14 
0.0027590378 -0.0014867361 -0.0053191369 0.0043027024 120.73923 -1.49322e-13 
-0.0081823239 -0.0034097118 0.0039281574 -0.00032066342 -105.90974 3.1774855e-14 
0.0010319404 -0.0027427146 -0.0022264859 0.0032381823 -65.528651 6.4187818e-14 
0.0038225098 0.0020148058 -0.0017672577 0.0042306609 -106.07041 3.9818971e-14 
0.0010758487 -0.0015116786 0.0046105275 -0.0044071398 -43.15536 9.0822613e-14 
-0.00070596721 -0.0029739676 0.0098108962 0.0015867603 -85.163875 -1.0002294e-13 
0.0031266096 0.0033234043 -0.00059728954 -0.0020340221 -5.1911332 -7.5464693e-14 
