% PARTICLE_ATTRIBUTES_CONTROLLERS_NAMES LostParticleAttributes 
% PARTICLE_ATTRIBUTES_CONTROLLER_DICT LostParticleAttributes size 1 
% BUNCH_ATTRIBUTE_DOUBLE charge   1 
% BUNCH_ATTRIBUTE_DOUBLE classical_radius   1.5347e-18 
% BUNCH_ATTRIBUTE_DOUBLE macro_size   0 
% BUNCH_ATTRIBUTE_DOUBLE mass   0.938272 
%  SYNC_PART_COORDS 0 0 0  x, y, z positions in [m]
%  SYNC_PART_MOMENTUM 0 0 0  px, py, pz momentum component in GeV/c
%  SYNC_PART_X_AXIS 1 0 0  nxx, nxy, pxz - x-axis ort coordinates
%  info only: energy of the synchronous particle [GeV] = 0 
%  info only: momentum of the synchronous particle [GeV/c] = 0 
%  info only: beta=v/c of the synchronous particle = 0 
%  info only: gamma=1/sqrt(1-(v/c)**2) of the synchronous particle = 1 
%  SYNC_PART_TIME 0  time in [sec]
% x[m] px[rad] y[m] py[rad] z[m]  (pz or dE [GeV]) Pos (m) 
0.030592148 0.046160439 -0.015390988 -0.030782075 46.343965 -0.38913499 0.26929929 
-0.0084675381 0.005899215 0.011385611 0.0037734717 22.340063 -0.039364884 0.027959578 
0.018668825 0.054023975 -0.00026185048 -0.045387603 58.4655 -0.47506712 0.3355524 
0.0088348899 -0.036898109 0.0083202086 0.030134939 -62.08263 -0.45837511 0.31302781 
0.030931222 0.034930997 0.0056013099 0.045368066 -3.7996971 -0.30172741 0.21011466 
-0.012694963 -0.096755535 0.011114001 0.054293782 75.472617 -0.20989054 0.25055995 
0.039944921 0.12898964 0.028916885 0.054869322 61.281695 -0.59721604 0.40228499 
-0.020749415 0.0097286044 0.0022032991 0.016977767 -7.5333068 -0.014400973 0.010227404 
-0.0096632957 -0.030248613 0.0062604082 0.042390862 80.688491 -0.074717182 0.052993965 
-0.017924111 -0.050005004 -0.015974118 -0.010625566 -20.538421 -0.17807089 0.12627476 
-0.018003691 -0.042986063 -0.0013999253 0.045748927 101.58742 -0.20740994 0.14591526 
0.0031729827 -0.044469479 0.0161788 0.015319091 108.09868 -0.066167111 0.046943413 
0.0036498315 0.011755229 -0.01383986 0.0063048158 33.445237 -0.4943773 0.34578036 
0.0079143548 -0.018910414 -0.01253992 0.027372 41.109276 -0.63808942 0.42297169 
-0.0029415171 -0.023481344 -0.015905088 0.0075361372 75.290281 -0.11222993 0.07969156 
-0.0089895704 0.019364833 0.017729277 0.0059482883 -3.3587184 -0.10838612 0.076944042 
-0.0024580763 -0.083772806 -0.010056847 0.024062892 -37.440265 -0.50379967 0.34536288 
0.020215443 -0.042235223 -0.0043889397 0.038430432 89.429296 -0.073676434 0.05224009 
-0.025564132 0.026504915 0.0027050062 0.0066538216 -64.596749 -0.19301886 0.13703857 
-0.01102358 -0.038777697 -0.01042564 -0.012127238 114.84931 -0.061249808 0.043468364 
0.021662723 -0.045196635 -0.0095455812 0.015995943 107.13568 -0.095816305 0.067692754 
0.027266983 -0.013693792 -0.016411501 -0.056578562 -64.691927 -0.459718 0.32429233 
-0.024571098 -0.014496025 0.0095112653 0.0059264571 42.171385 -0.1068386 0.075879529 
0.013081963 -0.0046908961 0.01549543 0.0031456137 -85.005579 -0.0045688556 0.0032453298 
0.0094644639 -0.06405692 0.0036537176 -0.039465909 -57.349887 -0.27783165 0.19515904 
-0.0026279312 -0.07435894 -0.011623425 -0.010523263 -41.107295 -0.19301886 0.13659581 
0.0026227587 -0.010933822 0.013619088 0.0012597854 -91.195841 -0.019295384 0.013705182 
0.014514239 -0.0028301461 0.00087279105 0.025005143 57.243788 -0.19301886 0.13704889 
0.01288486 -0.0031401676 -0.012839094 -0.03051523 38.247202 -0.024395065 0.017315613 
0.010932352 -0.018803548 -0.0059364357 0.0082476523 94.871237 -0.068207438 0.048438367 
-0.033274051 -0.064708199 0.0011579554 -0.016953707 49.376234 -0.53115678 0.35720332 
0.011088271 -0.013833742 0.011756572 0.0026978814 90.285575 -0.11219425 0.079685338 
0.010807266 0.058499192 -0.0093839018 0.040129113 88.61384 -0.30691527 0.21419164 
-0.0074880995 0.0028077474 -0.0066347117 -0.0025104922 -21.456907 -0.003786832 0.36068945 
-0.019499037 0.00840693 -0.0095116413 0.024240298 97.055871 -0.027073619 0.019223671 
-0.0038202663 -0.024261145 -0.018280202 0.0054776082 -102.02064 -0.10493265 0.074509788 
-0.017930712 -0.043380361 0.0031899634 0.00081823766 117.58061 -0.19301886 0.13693542 
0.011664573 0.017049218 -0.0058726648 -0.0016579928 95.406101 -0.077065596 0.05473284 
-0.00085124041 -0.058785239 0.010120337 -0.043889619 -4.7502941 -0.5951364 0.39841847 
-0.012909875 -0.0062064366 -0.011262485 -0.054960471 -23.538557 -0.38539568 0.44171295 
-0.003055095 -0.10764606 -0.011638551 0.024996407 118.69222 -0.12306396 0.086413382 
0.023820075 0.14605968 -0.042391293 -0.11180035 -101.8104 -0.64203474 0.41947248 
-0.009760165 0.029041838 -0.026774897 -0.072448208 -78.365241 -0.46748216 0.32015811 
-0.017584369 0.00058990608 0.0078280917 0.0055642796 -85.568787 -0.14951317 0.10557056 
0.010023653 0.028154431 -0.0047951089 0.0095071544 113.72006 -0.17748239 0.39863482 
0.0076925783 -0.0097010314 -0.0070336254 0.036300628 105.01305 -0.21644856 0.1535997 
0.0013604652 0.003826032 0.011944073 -0.011929328 1.7263169 -0.23315254 0.16336964 
0.018648486 0.011185919 0.011454578 0.027773277 32.47572 -0.05633341 0.039995774 
0.021569245 0.011450458 0.0031507227 0.030286493 119.79701 -0.086448676 0.061370541 
0.0065044747 -0.0089646325 0.013116849 0.004697731 -7.8189626 -0.12165528 0.086409778 
-0.0079361759 -0.0098114214 -0.010858629 -0.05684318 -82.430823 -0.159501 0.11306119 
-0.010830952 0.0036589746 -0.013245684 -0.0002524633 69.709846 -0.024090967 0.017112347 
0.022660367 0.032711502 -0.0071463589 0.053673369 3.6328725 -0.15185764 0.10760432 
0.036820443 0.08696225 -0.0035843595 -0.009727245 -43.912466 -0.39404117 0.27787121 
0.011623937 0.034050546 0.011388485 0.01347083 -7.144088 -0.10512035 0.07461183 
-0.0032478839 -0.06105935 -0.030964494 -0.10767713 -81.145314 -0.42240535 0.29085813 
-0.0067049987 0.064767327 0.01882884 0.037052094 -19.866974 -0.37037585 0.25652017 
-0.0078474238 -0.0016870937 -0.024348188 -0.11178953 106.16711 -0.36101016 0.24844611 
0.016237664 -0.03619136 0.0083664808 -0.0026534434 81.929292 -0.17697333 0.12560192 
-0.0011310135 0.029524209 0.021575313 0.033411233 120.39931 -0.17697718 0.12448927 
-0.024153699 -0.068421856 0.031579788 0.10101268 -119.69074 -0.53669225 0.37085631 
-0.0128387 0.0091236461 0.007074744 -0.0017124925 -90.598605 -0.17450917 0.1239517 
0.025266486 0.00034071918 -0.0019246232 0.010791154 100.77517 -0.011563222 0.0082131838 
0.020054745 0.0038221617 -0.0014385068 0.020632434 90.68073 -0.057955731 0.04115771 
0.0019181895 -0.021903949 0.010468244 0.041890044 115.16565 -0.22350677 0.32663257 
0.013135648 -0.014463443 -0.015036731 -0.0038293443 -11.409567 -0.080094185 0.056885949 
-0.0096842311 -0.0026198815 0.0039476247 -0.025980791 107.75573 -0.22532014 0.15897936 
-0.0069703254 0.066337285 -0.0089636627 -0.0020007426 -47.899602 -0.47221606 0.32523156 
-0.013516712 0.0083006642 -0.0097518707 -0.01179924 -93.03864 -0.11320941 0.080184485 
0.023722602 0.0028731065 0.0075575486 0.034736166 -46.577735 -0.084407 0.059915641 
-0.010134442 -0.00058172375 0.0023876821 0.046654957 -71.928735 -0.11491659 0.25005707 
0.0055329664 -0.035385944 -0.016680495 0.010073642 -81.406803 -0.30882554 0.21406351 
0.0064382223 -0.0078382804 -0.015575839 -0.00050917102 47.479486 -0.022064391 0.015672436 
-0.011905807 -0.037601584 -0.010495513 0.028157839 79.044179 -0.11385522 0.080752879 
-0.012123042 0.08647901 0.0075737091 0.073719866 110.87743 -0.39721155 0.27372766 
0.025102224 -0.0015114167 0.0068154588 0.017103257 -73.926137 -0.050802435 0.036080642 
0.011172696 -0.004127196 0.014697483 -0.00064176648 -44.973074 -0.012986047 0.0092242591 
0.010579767 -0.096043377 -0.005994742 -0.03975522 -8.5829073 -0.37200697 0.25657417 
-0.0033879872 0.015553086 -0.010485411 -0.070006262 91.889648 -0.59213352 0.41673836 
0.0092446533 -0.018333285 -0.014077143 0.0046899711 76.382499 -0.039610792 0.0281313 
-0.0052864558 0.015437575 0.011510984 -0.019537999 3.5983328 -0.10755035 0.076043075 
-0.0098628391 -0.023137528 -0.0043285094 0.020400458 -13.594619 -0.062191851 0.044153667 
-0.0063406642 -0.00070864281 0.013028257 0.053458752 -91.560526 -0.36654369 0.25532805 
0.022675983 -0.0032542511 -0.0065850348 0.0039890923 -35.295804 -0.071052053 0.050469459 
-0.016852506 -0.021572989 0.0080267685 0.023527145 -115.72103 -0.20167337 0.14315584 
-0.01097672 -0.010275771 -0.019126754 -0.050618043 -85.291159 -0.27412186 0.19222364 
0.02554027 -0.012258342 0.0042390391 -0.012687177 -114.58207 -0.028512946 0.020250242 
0.015601473 0.036536535 -0.014509827 0.002133063 31.462371 -0.067030541 0.047578652 
-0.022003899 0.0150697 0.011143425 0.015021665 -45.640861 -0.073521582 0.05221128 
-0.008758481 0.054400708 -0.015927228 -0.040136437 -98.643862 -0.38138417 0.26564884 
0.023145395 0.0094472043 -0.00076204109 0.02695195 8.6868497 -0.070882636 0.050327212 
0.011707594 0.036745331 0.0037575192 0.00028350281 -115.71098 -0.19301886 0.13698373 
-0.010794319 0.08109743 0.0074945237 0.069228498 80.662942 -0.54574767 0.36603264 
-0.017404873 -0.10540519 -0.010503642 0.037344121 109.40788 -0.54821146 0.37502292 
0.013472424 0.0052888594 -0.014877682 -0.029514146 -71.430774 -0.13338634 0.094696432 
0.0066071068 -0.0040607508 -0.0082530413 0.0012389881 44.619287 -0.0050711079 0.0036021126 
-0.011068248 -0.0003640034 -0.01155427 -0.015771678 -65.333938 -0.075633321 0.05371697 
0.005662958 0.0032156558 -0.0089650478 0.00073823093 -56.577517 -0.00076647192 0.00054444279 
0.015776108 0.0016299583 -0.0041734839 0.012558258 -67.842829 -0.21388827 0.15191389 
0.024436188 -0.040857903 -0.00064089889 0.02389503 14.133616 -0.087882919 0.062346686 
-0.012789134 -0.004815724 0.014924779 0.016912001 112.99076 -0.090295871 0.064128351 
-0.01389888 -0.021612066 0.00040399493 -0.012348543 -25.908819 -0.16948016 0.11900303 
-0.016355087 0.027833619 0.0054626745 0.013672993 121.27278 -0.48384275 0.34330234 
-0.015945421 -0.029966567 0.015384513 0.058401157 -82.806989 -0.52523339 0.35859749 
0.017423621 0.0024780252 0.0083272201 0.017142888 -83.006576 -0.028423936 0.020187144 
0.015526491 -0.041890103 -0.011776556 0.01628574 84.232827 -0.10474747 0.074318005 
-0.0070950942 0.0020456451 0.014536636 0.0056449312 -101.48335 -0.083515671 0.059322241 
-0.020778692 -0.031314742 -0.0071948285 0.068109695 106.92623 -0.17018694 0.11987216 
-0.020078427 0.015653005 0.0021545246 -0.026601545 88.680165 -0.074406176 0.052824822 
-0.015817384 0.027472193 -0.0037724179 0.025996539 -93.329856 -0.034687064 0.024620702 
0.019024064 -0.018490665 0.00050448583 0.033394118 75.323561 -0.40841984 0.2842885 
0.018218796 0.018809728 -0.013964059 0.014205837 122.02649 -0.031081653 0.022071743 
-0.0037949592 0.047397069 -0.0099265164 0.0023286675 -98.340054 -0.14936072 0.10520416 
-0.02106248 -0.020000825 0.013549173 0.011197115 56.663816 -0.25447477 0.18069048 
-0.0072594028 -0.045729708 -0.018599081 -0.0010429911 69.845742 -0.52697578 0.35899908 
0.010509106 -0.028576497 0.014416652 -0.01241757 -47.493996 -0.41846866 0.28591302 
-0.00057120082 -0.0026122358 -0.02325895 -0.066428104 -38.640541 -0.45969423 0.32495529 
-0.039099134 -0.016208532 0.0053040826 -0.00075565298 45.984513 -0.52672636 0.36308302 
-0.017506137 -0.031700935 0.0016495522 0.0080814088 107.04433 -0.3925735 0.27188545 
-0.0057174138 -0.038873286 0.019679615 0.037156336 -86.320082 -0.13676567 0.096977971 
0.021958668 0.0034174338 -0.011433863 -0.0046991947 -52.97525 -0.020248029 0.014382474 
-0.019626361 0.01441786 -0.0016068265 -0.015846479 -48.245748 -0.18316865 0.12943215 
-0.0080134648 -0.039654946 -0.012652055 -0.012168481 69.827627 -0.13454615 0.095472264 
-0.0200184 0.0521355 -0.0049149822 0.014698123 92.583859 -0.0803257 0.056779578 
-0.029226127 -0.06586719 0.0058907705 0.032218993 33.69202 -0.47390686 0.33458817 
0.0068821174 0.040293331 -0.0077732509 -0.013507478 65.647677 -0.016272874 0.28454514 
0.0028550472 0.024482958 0.018743236 -0.0096028558 31.600289 -0.088394765 0.062763285 
-0.0086028927 0.020263863 -0.0082403902 -0.040759305 52.254915 -0.16288246 0.11554834 
-0.024431037 -0.011624589 -0.00076026932 0.050292334 85.125958 -0.21154791 0.1499949 
0.027015592 0.088697014 -0.0018682272 -0.024481188 -15.817651 -0.15475248 0.10934762 
-0.018672416 -0.042291477 0.00021431568 -0.02858744 -36.080782 -0.16296801 0.11488818 
-0.0083199624 -0.028807833 -0.016038992 0.015449472 -121.18259 -0.18577665 0.13186971 
0.024904745 -0.014957291 -0.0078068637 0.00029296169 -24.802386 -0.062220292 0.044191369 
-0.010112618 0.041163564 0.00034070322 -0.047421051 -11.755189 -0.4211853 0.29462817 
-0.018336402 -0.00070582559 0.0038008916 -0.024405796 -59.408242 -0.052939981 0.03759265 
0.0042124592 0.015678068 0.015386837 0.028096047 39.981288 -0.13027667 0.092481416 
0.0094393438 0.0060687223 -0.017452755 -0.0051398469 118.36023 -0.0036801002 0.0026139917 
-0.003932774 0.0081465171 -0.012509111 -0.028917109 65.77154 -0.1068386 0.075850555 
-0.0036907046 -0.030619456 -0.014854698 0.00061289579 -44.923772 -0.17744125 0.12596481 
0.033873519 0.092795572 0.021257714 0.080200889 105.41773 -0.38733289 0.27077859 
-0.017934052 -0.054875291 -0.0093692756 0.01916273 112.47552 -0.20687468 0.14625749 
0.023236175 0.052866699 0.0038572657 0.072041741 79.416213 -0.17936109 0.12613828 
-0.015936281 0.014961272 0.0061195004 0.0029361269 28.077917 -0.12900724 0.091497686 
0.0017943109 -0.0097263758 0.014779561 0.016292554 -26.482026 -0.07085379 0.050257918 
-0.0054841805 0.02124987 0.015605249 0.00086104743 -35.724226 -0.12338308 0.087618727 
0.020181328 -0.0084297505 0.012551502 0.011591068 106.83237 -0.020968537 0.014892946 
0.025772463 -0.0059551566 0.0033207418 0.0043119026 -59.691766 -0.15417848 0.10951345 
0.012280113 -0.002406616 -0.0055321594 -0.10618207 92.332308 -0.16571803 0.11666301 
0.016180608 -0.024206972 0.0060989779 -0.015004448 84.841196 -0.037779996 0.0268247 
0.0056603584 -0.056214863 0.012896583 0.058474067 70.068314 -0.40588435 0.28072309 
-0.013992201 0.0016924385 -0.0055857659 0.048409133 37.077307 -0.047517598 0.033710844 
0.012623775 0.050557453 -0.013306172 0.019686612 -75.816143 -0.42805545 0.29532845 
-0.016650844 0.05573731 0.0073681658 0.052915015 23.970565 -0.49632848 0.34014375 
-0.0048022313 0.014368934 0.023344532 0.01819901 42.291712 -0.35370464 0.24751811 
-0.018238542 0.01103457 0.00137798 -0.05258503 21.924945 -0.18196348 0.12793043 
0.0083088341 0.058688516 0.017747472 0.11075511 -72.95561 -0.46536525 0.35792745 
0.013478396 -0.04641387 -0.0077590322 0.020903344 104.15104 -0.23241863 0.16479092 
-0.016631964 0.047732285 0.0049869504 0.021105108 -110.27607 -0.12628015 0.089089516 
-0.020630202 0.006637954 -0.0046136649 -0.034667406 -57.46573 -0.1068386 0.075835435 
-0.0072877728 0.0050834225 -0.0073304481 0.030888507 52.348229 -0.17364437 0.12326654 
-0.010197292 -0.024883276 0.015012976 -0.011179725 -39.305902 -0.19301886 0.13703881 
0.011750239 0.0080827717 -0.0071269468 -0.038711372 -121.59021 -0.12762754 0.090572386 
-0.020720411 -0.051066972 -0.0067307426 0.0044219431 24.469321 -0.19301886 0.1368679 
-0.015471387 0.033481227 -0.0031824548 0.020404297 37.312572 -0.090393434 0.064152957 
0.019693919 0.017576893 -0.0084055493 -0.016100975 -29.243348 -0.32729126 0.23237314 
0.0085909886 -0.085589203 -0.0052256403 0.0095402159 -39.91015 -0.096719666 0.067928785 
0.021341527 -0.0075680823 0.0031853026 0.0055988455 63.877012 -0.010274213 0.0072977238 
-0.014859691 -0.008464157 0.0060729004 -0.02042465 -100.82288 -0.059753571 0.042433317 
0.011766587 0.066751969 0.012889347 0.016109648 -30.673315 -0.49298933 0.45807388 
0.010622131 -0.0017877247 -0.00074232279 0.012847514 -28.774321 -0.0085348188 0.006061997 
0.016209389 -0.016722051 -0.0073449219 0.017740125 -117.85358 -0.018122966 0.012869314 
-0.0011526008 0.09317992 -0.016097479 -0.11788824 -113.71504 -0.32415418 0.22253038 
-0.0051133869 -0.020204163 -0.0097609432 0.0067256026 -18.160118 -0.042946622 0.030498815 
-0.0016273087 -0.003446833 -0.010856552 -0.012189021 88.078911 -0.089522563 0.063584518 
-0.013294609 -0.041943685 -0.031098743 -0.059860906 -23.823995 -0.5670983 0.42157825 
0.020553724 0.022500743 0.017304075 0.067747193 56.951372 -0.72946901 0.47315812 
0.013297969 0.0039807256 -0.0050631772 -0.019280926 -67.927905 -0.01118328 0.0079422243 
0.013432056 -0.017878089 -0.0077170192 0.015988091 78.520867 -0.08909137 0.063263402 
-0.01001302 -0.046445823 0.01523012 0.022552708 28.714409 -0.14844413 0.10527028 
0.014334103 0.0059846491 0.0048306267 0.10051779 -121.11366 -0.52782152 0.35595004 
-0.016092638 -0.011907875 -0.0080401948 -0.016353357 24.373619 -0.064516233 0.045817377 
-0.011849798 0.016705928 0.0042123166 0.014445422 -105.80713 -0.16900422 0.12001086 
0.0086204173 0.0087119037 -0.016161956 0.027590304 -19.647674 -0.019075463 0.013544001 
0.019360474 0.022021121 -0.001715962 -0.0041935501 106.77599 -0.1021208 0.07251813 
0.010001243 0.0020030531 0.00022291483 0.0033796432 -41.732757 -0.002347171 0.33466707 
-0.012007931 0.041812702 -0.012232134 -0.011794647 -108.44315 -0.18300169 0.129831 
-0.02581461 -0.032420915 0.0038004036 0.02815579 -94.008559 -0.28232793 0.20026012 
0.0031890041 0.082193793 -0.022301468 -0.035236476 -68.123125 -0.52546295 0.3694609 
0.011326489 0.012898775 0.00026176771 0.049474875 27.646636 -0.32788648 0.23011809 
-0.014152324 0.0088038219 -0.008130413 0.020254251 77.188418 -0.246941 0.17506473 
0.010875532 -0.0018520163 0.010297176 0.0030815475 40.222272 -0.012568519 0.0089277009 
-0.0039266491 -0.046023359 0.013791909 -0.037945013 -35.490387 -0.087348236 0.061765777 
0.014731297 0.052484758 -0.012600421 0.010732968 52.95417 -0.17706551 0.12455433 
-0.011232115 0.013744181 -0.011071782 0.036603557 -29.196891 -0.19254774 0.13566427 
0.020481515 -0.01226466 -0.0051974256 -0.00096268799 -37.708953 -0.01407424 0.0099965427 
0.013651445 -0.011506868 0.006771813 0.0031113544 -103.35065 -0.0054236233 0.0038522708 
-0.017706461 0.014533294 0.018359797 0.049544325 16.281266 -0.35067463 0.24851339 
-0.0012007823 -0.072755282 -0.012042332 -0.0032101064 77.902894 -0.45131673 0.30530912 
-0.023499296 -0.044443497 0.0056828125 0.054029522 85.981305 -0.67358379 0.43609411 
-0.024085669 -0.010033239 -0.0067208628 0.069316359 -5.4960514 -0.11814192 0.083677056 
0.012393556 0.044327633 -0.014377852 0.024345333 39.264619 -0.10433933 0.07400549 
0.012290322 -0.042467613 -0.002016597 -0.029556422 -54.18859 -0.2485707 0.17314571 
0.0088541844 -0.037002169 0.0050235658 -0.0087195622 96.362667 -0.43045671 0.29157685 
-0.022499247 -0.010719807 -0.0052488039 -0.00088426101 -67.868967 -0.1068386 0.075885244 
0.01626315 -0.018424717 0.0017128087 -0.010206394 -110.72 -0.19301886 0.13706614 
-0.017427676 -0.055465396 0.0084902567 -0.0048103687 -30.051932 -0.23495591 0.1665286 
0.011038043 0.026730034 0.0082525895 0.04859119 12.084493 -0.12143557 0.49256037 
-0.0091439555 -0.005897366 0.0041597241 0.0068169305 -66.916486 -0.014414797 0.1632388 
0.0017899121 0.014564328 -0.020241824 -0.042040217 31.759288 -0.21097252 0.14965704 
-0.014371541 -0.0060682268 -0.0068159184 0.012100406 -18.491051 -0.068630117 0.048744918 
-0.013470273 0.038161064 0.012327929 -0.068993067 32.131266 -0.075691582 0.053622176 
0.001321632 -0.003504821 -0.0099476921 -0.001066886 -26.327148 -0.015837887 0.45824196 
0.0096652981 0.014731648 0.0079112056 -0.0046142731 50.611689 -0.17002936 0.12075804 
-0.014872738 0.0066426759 0.0005601378 0.031716496 -66.912006 -0.10746031 0.076114994 
-0.0082033469 -0.00059086133 0.0066447675 0.016672798 14.501599 -0.058374963 0.041459063 
0.018576548 0.038274321 0.010708899 0.020931894 -19.85403 -0.14527114 0.10306925 
0.007306458 -0.13087817 -0.0078006215 -0.015680962 -60.936302 -0.21568328 0.14977555 
-0.00091086227 -0.020883183 -0.010851859 0.01354658 66.591767 -0.018835858 0.013375369 
-0.0087243772 -0.034083588 0.017193323 0.023751347 32.90037 -0.061533006 0.043667551 
-0.015406582 -0.022273504 -0.0050338411 0.075589395 -31.618752 -0.38485075 0.26635653 
-0.016663171 -0.038276592 0.0066026977 0.027883037 -4.2927661 -0.32533392 0.22682452 
0.0071397549 0.081636722 -0.013603541 0.032839053 95.72506 -0.35653223 0.25153291 
-0.016185642 0.010809889 -0.0030589499 -0.0059651212 -68.124927 -0.15132869 0.10748268 
-0.017340223 0.023554668 -0.0054015221 0.10623275 74.770333 -0.24301493 0.16995472 
0.024386964 0.0060817079 0.0081638564 -0.0046538939 105.17047 -0.050656208 0.035981345 
-0.010363462 0.024366648 0.020526483 0.032110923 99.466169 -0.3529314 0.24526171 
0.020457759 0.058823628 0.0081861181 0.045490501 14.726034 -0.24224742 0.16950826 
-0.0090578547 -0.033768607 -0.019913164 -0.068050583 -59.849843 -0.21208254 0.14914117 
-0.016090218 0.011578273 0.0045920988 -0.038134771 25.85709 -0.041757876 0.029636837 
-0.024759188 -0.075360281 0.00070764878 0.034775653 84.587141 -0.28293129 0.1999116 
0.011230735 0.030801782 -0.016403781 0.011428548 -98.333034 -0.075635136 0.0536935 
0.012333473 0.0022767398 -0.0053064629 0.015228767 63.602348 -0.046399081 0.03295436 
0.011701102 -0.0015860298 0.00131971 -0.04280954 -22.393521 -0.1386917 0.098290087 
-0.01859005 0.00022341306 0.0079924391 0.0096006615 96.705801 -0.029757043 0.021136219 
-0.016487671 -0.021203963 0.00549931 0.014398171 -57.40004 -0.17399359 0.12354008 
-0.0030150982 -0.035144385 0.013587537 0.00423007 -73.347134 -0.14918978 0.10589134 
-0.013679029 0.004037883 3.8628686e-05 -0.0070442849 38.082987 -0.18256652 0.12967636 
-0.023964207 0.0063615126 0.009001046 -0.0011454412 11.664951 -0.056785238 0.040267455 
-0.00082293638 -0.027819822 0.0170217 0.014440887 31.034878 -0.23478248 0.1666559 
0.021025178 0.0479923 0.0090773503 -0.025887006 115.86898 -0.21205831 0.15032486 
-0.010644996 -0.094521468 0.010564779 -0.056229795 -58.818139 -0.14713778 0.10344216 
-0.0018448731 -0.026455723 0.010276692 0.0068304821 -38.52191 -0.21751788 0.15442916 
0.011522826 -0.052014333 -0.0077274236 -0.021567851 28.894883 -0.477223 0.32586512 
-0.014974841 -0.020293667 -0.0027202478 -0.03355124 106.75473 -0.20057781 0.1423288 
0.019725041 0.0059711462 0.013352727 0.030395994 106.27924 -0.14125563 0.1002788 
-0.029917093 0.045152704 0.0074796644 -0.025266322 -12.87201 -0.68529696 0.44426293 
-0.014260613 0.0093937944 -0.010909323 -0.0052031732 71.683144 -0.19301886 0.13709602 
0.00094959164 -0.074385035 0.015993157 0.034600344 83.635648 -0.35755363 0.24697989 
-0.010861203 0.021981632 0.0050718241 0.030298514 30.493081 -0.33232598 0.45085732 
-0.010596778 0.0055454528 -0.010073604 0.020138214 -83.548638 -0.31336015 0.2190631 
-0.0091094907 0.049220051 -0.0041908934 0.013684172 -40.168834 -0.099795789 0.070479746 
-0.01616719 -8.1160945e-05 -0.0065950829 0.0039884768 -9.4883775 -0.013447911 0.0095523376 
-0.024559561 -0.031722691 -0.0028546636 -0.054786831 -38.838968 -0.21510349 0.15171416 
-0.020023225 0.0093608488 0.010031434 -0.0028634823 -18.696273 -0.02656471 0.018868695 
0.0026605961 0.06724074 -0.015153733 -0.056259615 -105.88459 -0.20100072 0.1408508 
0.0037916306 0.0081273956 0.011996905 -0.060950626 -73.31502 -0.13251102 0.093768752 
0.004884203 -0.02440877 0.013644491 0.013251392 -100.61163 -0.12756314 0.090569667 
-0.011964216 0.041900968 0.0031681092 0.096501914 19.323193 -0.55053856 0.37345857 
-0.02458407 -0.022266557 0.0094735002 -0.0051310383 90.066423 -0.18984575 0.13447516 
0.019803213 -0.0058599804 0.01117192 -0.00047402049 3.2283635 -0.028006736 0.019893586 
-0.0077210589 0.012202955 -0.01599003 -0.0041409511 16.767081 -0.024280427 0.017245565 
0.023898024 0.003393623 0.0060034825 0.010377837 -32.580287 -0.0077159195 0.0054804965 
0.0081772233 0.048057609 0.011595519 0.03198343 49.74688 -0.084562731 0.059970854 
0.0068738234 0.026831507 -0.018610026 -0.018915394 40.779913 -0.13014002 0.091574559 
0.0080561785 0.041415533 -0.0095669668 0.028691555 -7.128886 -0.25219876 0.17585331 
-0.021117333 -0.02418782 -0.003069597 -0.03664032 -19.622704 -0.18305567 0.12948942 
-8.7332098e-05 0.014981505 -0.015224131 0.0013687323 -58.500911 -0.025315548 0.017980214 
-0.012732881 0.0033111493 0.0094410209 0.0087216155 20.682439 -0.1068386 0.075886508 
0.016967853 0.084378851 0.0059447563 0.02257981 -1.5571333 -0.47177118 0.44326333 
-0.037214287 -0.074607111 0.025977117 -0.044131091 -34.548426 -0.75395079 0.47956528 
0.017783414 0.091971283 -0.00093745771 -0.022791251 95.08346 -0.61060766 0.4851119 
-0.0089416862 0.021055521 0.012091751 0.055859153 -37.412396 -0.24836788 0.17596646 
-0.0075383691 -0.0072824958 0.017290811 0.0023355183 110.66559 -0.04290463 0.030475375 
-0.02625858 -0.011262991 0.0030869157 0.012958082 117.28974 -0.047526894 0.033754329 
0.0022231241 -0.0030194306 0.013008699 -0.023783386 109.2017 -0.19838682 0.1408653 
-0.020098656 -0.0081113356 -0.012549949 -0.0025533296 58.017396 -0.091534413 0.065016699 
0.021140599 0.013908035 0.0069374956 -0.030194769 -68.724309 -0.15423061 0.10947862 
-0.021010925 -0.023612376 -0.015484487 -0.041017911 -94.353886 -0.24088143 0.17082974 
0.011501716 -0.0081808848 0.0095697293 0.0019962379 17.352866 -0.036521386 0.025941162 
0.019576694 0.019217669 0.0088979909 0.005082744 -18.500235 -0.161563 0.11473393 
-0.012739638 0.026891839 -0.059664249 -0.085778813 -35.050282 -0.71875886 0.45960655 
-0.0185597 -0.0063406619 -0.004345901 5.9322394e-05 -76.358568 -0.095707807 0.067982284 
-0.0029212605 0.00077258279 0.0095745143 0.0005058645 88.915342 -0.0048989122 0.090479828 
0.0078583759 0.0076277384 -0.0070798107 0.0039853055 -105.53849 -0.04483302 0.031844854 
0.011332511 0.046191367 -0.044375389 -0.12132941 0.095687131 -0.66984942 0.4454011 
0.012894405 0.021125124 0.0020360763 0.029822484 -64.596933 -0.1068386 0.075831484 
-0.021686152 0.04090521 -0.0057215086 -0.021811372 92.252347 -0.027054642 0.019169087 
-0.0016764321 -0.0075897884 0.0098747546 -0.047915367 -31.53553 -0.12679647 0.089555179 
0.030204556 0.047581814 -0.01169436 -0.07757512 88.160029 -0.32124998 0.22370941 
-0.013597273 0.0084650312 -3.1853026e-05 0.033435704 111.11254 -0.088653987 0.062930963 
-0.01462394 -0.00045388741 0.0030056123 0.026811289 120.99683 -0.19301886 0.13704109 
0.018361913 0.0024205267 0.0063158405 0.055864555 -53.435545 -0.10723289 0.076032256 
0.0005284827 -0.1163464 -0.0145434 -0.05588115 115.74885 -0.31071055 0.21469464 
0.021749724 -0.030287878 0.0027943626 -0.012527244 21.5317 -0.19301886 0.1370088 
-0.0032369393 -0.040343753 -0.012470569 0.074791158 -51.03989 -0.13782269 0.097448426 
-0.0054791766 -0.0020284275 0.015466114 0.019508892 77.652561 -0.1489193 0.10575621 
-0.025494894 -0.049743085 0.0062991604 0.020305664 80.726886 -0.11993253 0.085045904 
0.0058708518 -0.047236445 0.014829095 0.03644303 75.378716 -0.23642269 0.1657964 
-0.016705348 0.010257786 -0.0098835458 -0.022940524 -90.300829 -0.1081768 0.07681266 
-0.0090661875 0.00011513568 -0.004544279 0.018253643 10.387796 -0.054108477 0.038427819 
0.0018184734 0.0081188087 -0.019827791 -0.029368613 -61.757348 -0.19301886 0.13702206 
0.013952058 -0.0055688493 -0.0027288633 -0.0033106532 118.87567 -0.00140617 0.00099881961 
0.0055846538 0.0047088401 -0.0093046838 0.058146732 95.014126 -0.12201648 0.086210856 
0.024039896 -0.0051963609 -0.0087470035 -0.07769303 -109.24628 -0.18714617 0.13211941 
-0.012639025 -0.038591373 -0.010208756 0.030735616 -3.4518157 -0.22744696 0.16128609 
0.0057266569 -0.056149962 -0.0082493429 0.0083407417 -24.737412 -0.15259218 0.10752788 
0.003395842 0.038713097 0.015330244 -0.0085781939 -6.2747418 -0.11687008 0.08293906 
-0.019521382 -0.0080013299 0.0067627929 -0.0093538296 -96.128176 -0.011034903 0.0078377876 
-0.00046769381 0.011412552 0.010286922 -0.0083249133 13.176128 -0.055741768 0.039590622 
-0.0102282 0.038247675 0.022846679 0.026006293 -28.444318 -0.6282429 0.41982801 
0.01372164 -0.064584137 0.0044911997 -0.0220045 1.6176163 -0.19301886 0.13668456 
-0.01847787 0.0072780786 -0.010532019 -0.012511938 30.20809 -0.076826703 0.054458118 
-0.0013861964 -0.040512393 0.02062008 0.040846643 12.824457 -0.51699829 0.35442066 
-0.012091761 0.026892729 0.013371015 -0.0077059456 -99.08431 -0.080752006 0.057261257 
0.0081652858 0.0037794865 0.01427295 -0.015180432 -42.156949 -0.063307034 0.044962695 
0.0025170387 -0.023092229 -0.01314238 -0.044789968 73.202325 -0.19301886 0.13687587 
0.022679016 0.022011457 0.0081568596 0.072034253 -90.369121 -0.67991113 0.47745008 
0.013273813 -0.0088317199 0.0019934323 -0.016971341 106.27469 -0.25380884 0.18023881 
0.00026851071 -0.013818862 -0.018037423 0.0054225547 -105.58106 -0.076375792 0.054245146 
-0.015045196 -0.022070628 0.0031164141 -0.059097007 -42.209079 -0.38081786 0.26950884 
-0.014968953 -0.018084865 0.0044654457 0.0036287392 -65.997655 -0.01834702 0.013030113 
0.010135792 -0.013289737 -0.00058403484 0.0083597946 7.8604246 -0.097419818 0.069190156 
0.026047214 0.099558932 0.010975642 -0.02675703 90.37807 -0.40295505 0.28331252 
0.005378618 0.038997201 0.0087793923 -0.052715359 -62.345959 -0.080033047 0.056565541 
-0.017755838 -0.035095645 -0.009345769 -0.0083505498 -17.46731 -0.18988308 0.13476324 
-0.011189683 -0.011919106 0.0026879824 -0.029205815 45.199773 -0.15246792 0.10823502 
-0.014578153 0.0051504539 0.008232227 0.031099002 85.873771 -0.2635313 0.18705455 
-0.024885278 -0.04191639 -0.0062666807 0.017328679 114.20021 -0.046579627 0.033050546 
-0.017958695 -0.056119302 0.015307497 0.063698664 -104.87907 -0.44007017 0.30074647 
0.0063420658 -0.012299133 -0.0090913432 0.061433305 -18.241827 -0.19301886 0.13675047 
-0.0011988945 0.014961464 -0.017481746 0.0071945516 -56.137539 -0.074178576 0.052683003 
0.018983271 0.0047720821 0.0072907789 0.0042071176 71.79423 -0.015874993 0.011276204 
-0.0084580098 -0.011618446 0.0093775027 0.0082324757 32.341232 -0.015608986 0.011086338 
0.024703878 0.030015094 -0.0085302006 0.023860451 21.087057 -0.14267059 0.10063912 
0.019749271 -0.039351981 -0.0041467316 0.0070138902 -14.436205 -0.14960822 0.10609392 
0.017226815 0.0068695778 0.013382646 -0.02371027 94.585469 -0.094947307 0.067420176 
-0.011172939 0.026179767 -0.003328497 0.030676454 33.703755 -0.033266082 0.023609715 
-0.01979401 -3.3880678e-05 0.0033948003 -0.0080035842 86.404917 -0.0052776264 0.00374872 
-0.011420522 -0.024975936 0.00083050973 -0.0092346636 -78.421158 -0.037454282 0.026594867 
-0.0031687765 0.034867147 -0.010823674 -0.036687498 -54.168668 -0.06329449 0.044784873 
-0.024449567 -0.04423206 0.0057925644 -0.01454084 -93.318884 -0.27680779 0.19629879 
-0.014078543 -0.0016155471 -0.0075078434 0.012231591 -105.54814 -0.035958596 0.025540323 
-0.016247223 -0.010409072 -0.003488485 -0.037858179 -60.665294 -0.12663599 0.089870041 
-0.012561073 -0.037936668 0.0047250366 0.015717833 -82.965696 -0.048667394 0.034538645 
0.0082020547 -0.023238515 -0.0098657007 -0.036288233 -5.1406621 -0.094482625 0.066911298 
0.0081642816 0.07080953 0.027779352 0.046039426 0.71976394 -0.50039606 0.33930488 
0.00019293694 0.017797563 -0.02250758 -0.085236304 3.3675031 -0.60811533 0.42562874 
0.011409842 0.012182465 0.00073359368 -0.066580194 66.724982 -0.15830439 0.11135263 
-0.015167245 -0.018814901 0.0088831649 0.016937971 -7.0603018 -0.14997509 0.10581659 
-0.0156016 0.0097514173 -0.0084929399 0.0025289843 96.815066 -0.060526539 0.042991268 
0.02813604 0.056612914 -0.0056394325 -0.036466612 -78.415399 -0.39723344 0.27638248 
-0.010626849 -0.027411481 0.0063081023 -0.0062848106 25.401895 -0.27297248 0.19378333 
0.016555442 0.035166441 0.0094094072 -0.010172285 2.4504374 -0.19181638 0.13613149 
-0.021962762 -0.0081668331 0.0041186159 -0.0081921508 42.740983 -0.28466368 0.19917348 
-0.011265423 -0.015411451 0.013314416 -0.026449216 14.412874 -0.071526359 0.050780838 
0.0080838977 -0.01258214 -0.008417395 0.030264254 59.968128 -0.099424469 0.070580304 
0.0058236502 0.0098433099 -0.014398091 0.00025204979 25.263396 -0.19301886 0.13709769 
0.0062020647 0.0041052526 -0.016997988 0.0039445014 -104.72525 -0.0072033686 0.0051166641 
0.013578723 0.0054997114 0.011741795 0.0047506516 -116.01334 -0.27562388 0.19577521 
0.020678033 0.060546229 -0.018407823 -0.10461237 36.761703 -0.21282221 0.14929582 
-0.020741839 -0.017566377 -0.0035699853 -0.013235946 0.97432816 -0.17024646 0.119793 
-0.0037548694 0.03409317 0.044867879 0.13559769 53.984656 -0.47107512 0.31674126 
0.014930353 -0.032471802 -0.0011378567 0.026613393 82.004547 -0.37253077 0.26351269 
0.0099527002 0.040397891 0.017700785 0.0013185464 120.95723 -0.19301886 0.136958 
-0.021247376 -0.022289031 0.0045895587 -0.053304381 -36.597417 -0.29855761 0.20840959 
0.0012775633 0.0025917456 0.017195942 0.0010952236 -111.54075 -0.0015631494 0.001110343 
0.0016428853 0.042055884 -0.016462604 0.027502541 24.391917 -0.20623531 0.14588721 
0.021716566 -0.0069319109 -0.0065932699 0.0048375921 -91.318187 -0.0083263513 0.0059137716 
0.018872975 -0.0028639695 0.0031204279 0.090751965 82.004199 -0.5642743 0.38314962 
-0.020690609 -0.010691698 0.0078690258 0.011371899 -59.199315 -0.055225707 0.039223159 
-0.0155578 0.001466825 -0.012556289 0.0033842968 52.845875 -0.022163547 0.015743257 
-0.018649653 -0.059777873 -0.012463016 -0.063790796 -110.91442 -0.31737568 0.22403526 
-0.023623909 -0.00072971752 -0.0033067091 -0.0080961735 -88.74698 -0.26059868 0.1851012 
0.01698238 -0.021196143 0.013497109 0.0060506721 -69.045621 -0.079217973 0.056255411 
0.017452117 -0.015810593 0.002055141 -0.0058844901 29.482419 -0.014414043 0.0102372 
-0.02153795 0.031023568 -0.00082161019 -0.020967317 -85.991458 -0.18475984 0.13013339 
-0.014146167 -0.032491729 0.0052275704 0.0090492859 -6.8710605 -0.12137919 0.086160708 
0.04771472 0.060975503 0.014306221 -0.0015950449 -79.200139 -0.64057211 0.43291582 
-0.0032991856 -0.0066833262 -0.011753239 -0.01394482 -97.681546 -0.1068386 0.075879799 
0.011553622 -0.062309164 0.0083708063 0.040808485 1.950934 -0.24687849 0.17466218 
-0.025516776 -0.033193047 0.0037615989 0.063737584 50.791943 -0.37030893 0.26181113 
-0.023589032 -0.0049172247 0.0082532609 0.025651789 -35.189948 -0.25502249 0.17862512 
0.0098225997 0.048004504 0.0039006217 -0.04639054 48.38594 -0.052089118 0.18584833 
-0.017996852 0.0049462533 0.0088551019 -0.029412498 22.900951 -0.30765286 0.21457846 
0.00027047219 -0.034939823 -0.011078309 0.035689244 33.599411 -0.3156544 0.22037374 
0.018049676 -0.0081685941 -0.0010975103 0.0054783076 -68.998234 -0.10670028 0.075787836 
0.010879806 -0.06261777 -0.0033833867 -0.038679939 8.8040419 -0.34138376 0.24137044 
0.0044144183 0.053659181 -0.012589023 0.044809142 37.443928 -0.10781979 0.07603246 
0.014919679 -0.014889461 -0.0021803804 -0.0030665014 74.920731 -0.0087773708 0.0062340752 
0.016573319 -0.00010398429 0.0074214724 0.0005201083 85.037057 -0.0073506983 0.0052213993 
-0.0048458752 -0.00098362594 0.014665321 0.017521474 18.026101 -0.016220519 0.011520061 
-0.014655291 0.045578171 0.0020326679 -0.068188806 57.978719 -0.15146032 0.10684774 
0.00028544757 0.032038555 -0.017126283 -0.0054937666 76.238603 -0.19301886 0.1370104 
-0.019121952 0.0065270296 0.01193956 0.070780781 -16.437883 -0.23477853 0.16617327 
0.0096050154 0.0016440675 -0.00285893 -0.0098012931 40.560107 -0.0083783919 0.078949018 
-0.014627913 0.01873681 -0.0092854861 0.010663965 -122.65763 -0.020092956 0.014269163 
0.014404922 0.02400503 -0.0051980295 0.012648383 33.424969 -0.086347812 0.061309728 
0.021152743 -0.01056136 -0.01078049 0.0055856003 50.634293 -0.13479716 0.095741786 
0.03256546 0.059143913 -0.016169828 0.012680758 -41.797384 -0.53259875 0.36669332 
-0.016541451 -0.0090527039 0.018363768 0.10290696 103.74809 -0.18421662 0.12903427 
-0.012035916 -0.14001399 0.012122769 0.0064719457 -37.598958 -0.27496912 0.19245625 
0.02406817 -0.028294741 0.00020394372 0.0052668725 45.792242 -0.021272261 0.015103825 
0.021335069 -0.016486842 -0.0065943349 -0.0011320828 -46.279611 -0.039254969 0.027879851 
0.010950239 -0.043350649 0.015042817 0.076829163 15.361759 -0.21322133 0.14982797 
-0.020689834 0.0056418025 0.026989912 0.063002804 -70.328166 -0.55247524 0.37323832 
0.019287921 0.0057659776 0.0017719412 0.003881267 -36.001682 -0.0078842876 0.0056002863 
7.1988825e-05 0.050806142 0.018446038 -0.0054441654 112.73132 -0.19664075 0.13830597 
-0.01424067 -0.0051770774 -0.0022900897 -0.012878286 92.508481 -0.020969762 0.014893913 
7.75689e-05 0.018499142 0.014706849 0.014138255 54.083899 -0.096628127 0.068616275 
-0.027161796 -0.048577546 -0.0066971196 -0.019615571 96.61101 -0.43481948 0.30798435 
-0.012571667 0.00014942276 0.028142403 0.021809367 -16.04329 -0.54240373 0.36960235 
-0.016225041 0.0077346811 0.00022597865 0.06112168 -58.704333 -0.28613617 0.19970638 
0.019103697 0.030733842 -0.01210781 -0.0014800974 86.022899 -0.22851309 0.16221095 
0.010363516 0.0027513292 -0.00055829023 -0.01646951 -24.638752 -0.031494844 0.022368386 
-0.022661947 -0.01624667 -0.0075135725 -0.051368356 -20.695967 -0.11125312 0.078892204 
-0.034165591 -0.0093795917 -0.02147242 -0.094268613 -25.445386 -0.50699897 0.34196397 
-0.021944616 -0.046430836 -0.0079667518 -0.0038512381 16.661333 -0.19301886 0.13690929 
-0.0015627297 0.0044721689 0.014291109 0.013497129 65.869508 -0.010933279 0.0077654078 
-0.022573042 -0.0059088799 0.0026430331 -0.005227279 81.301933 -0.03179331 0.022582915 
-0.014205235 0.0069419418 -0.0030811774 0.0024220355 75.005628 -0.10289779 0.073088805 
0.013673726 -0.014157161 -0.016312433 -0.026946681 72.012036 -0.099642015 0.070508955 
-0.001396827 0.013692918 0.011732684 -0.010925345 -0.96073347 -0.19301886 0.13707859 
-0.013663859 0.028779529 -0.0033823 -0.012720268 -45.65468 -0.062793247 0.044459015 
0.014195158 0.010342422 0.012546178 0.063241922 -57.492376 -0.32121602 0.22339077 
0.014797616 0.085134561 0.0080428936 -0.035283566 -25.291665 -0.47024798 0.33087437 
0.026573288 0.0033846165 0.0043563906 0.017704575 68.816659 -0.023249772 0.016512174 
0.025178636 0.001711384 0.00024988198 0.0025339975 -113.1778 -0.14339638 0.1013241 
-0.017192431 0.016295598 -0.0083508803 0.0098296921 -78.735482 -0.1068386 0.075874373 
0.0095043495 -0.0020583017 -0.012483049 0.014612304 69.13 -0.023216386 0.016489375 
-0.017897109 -0.0041311561 0.0039130647 -0.029612769 -80.908979 -0.056540161 0.040142612 
0.022588715 -0.0084466436 -0.0032194145 0.0024170822 -15.995794 -0.41691317 0.28871659 
0.025851694 0.098614327 -0.00019457666 -0.063959045 21.17046 -0.3026484 0.21049692 
0.018510257 -0.0071304797 0.0064987581 -0.0058617913 -15.416624 -0.126671 0.089973252 
-0.025788775 -0.0042648383 -0.002322918 -0.052030887 -123.14373 -0.24404209 0.17094251 
-0.0074988331 0.034978644 0.00802945 0.00089840053 -2.3561202 -0.13612244 0.096619614 
-0.0097911452 0.052824034 0.0083652719 0.0073693199 -28.766609 -0.19301886 0.13684822 
-0.0078592874 0.0015526247 -0.012014565 -0.036097628 13.460891 -0.22675191 0.16092063 
-0.01841581 0.023806396 -0.0095829158 -0.042023662 -5.7419037 -0.2993431 0.20983044 
-0.023204115 0.0035182227 -0.0054749303 -0.0025176883 -48.797339 -0.14794991 0.10509161 
0.01196122 -0.1046447 0.0021026085 -0.057991699 -19.74185 -0.35647954 0.2486058 
-0.013737691 -0.037988146 -0.018909706 -0.08366119 17.298989 -0.4656471 0.31873787 
0.011563166 -0.027296809 0.00079239215 -0.024135942 62.460071 -0.1068386 0.075831835 
0.0071734869 -0.0060532069 0.008188512 0.0007868486 89.08235 -0.038260386 0.027176855 
-0.0045401847 0.023370285 -0.010005368 -0.003929182 -42.810027 -0.047877954 0.033998812 
0.037514964 0.12156405 -0.023286333 -0.07828642 -110.87481 -0.30173527 0.20828985 
0.000928275 -0.01278075 -0.012767683 -0.0039962638 -46.753453 -0.19636424 0.13946614 
0.021114445 -0.001797157 0.0020275854 -0.00022540243 -13.420413 -0.0080100388 0.005689738 
0.024337026 -0.010926649 -0.0063546469 -0.020275484 -98.30388 -0.10627427 0.075466237 
-0.013259699 0.031422994 -0.012222306 -0.063066478 -67.343556 -0.17391066 0.12314023 
0.011755896 0.0061331053 -0.020013577 -0.069282063 -71.040718 -0.23670515 0.16756048 
0.004875863 -0.043456836 -0.011841668 -0.019973924 98.1658 -0.16024543 0.11366285 
-0.0018135203 -0.010255432 0.013862363 -0.0129574 91.479746 -0.047267204 0.033497679 
0.0018210921 -0.006122791 -0.0098515339 -0.0058254401 -81.923364 -0.0051804771 0.095679701 
0.021442507 0.016335109 -0.0072761284 0.014794101 -54.284568 -0.059604314 0.042327398 
-0.014501905 -0.043219506 0.010576057 -0.017115259 100.97874 -0.1068386 0.075795184 
-0.0070771122 -0.025659501 0.016452182 0.050909429 50.930027 -0.34508089 0.24443207 
0.014864242 -0.0071384329 -0.0075467685 0.011013195 85.815577 -0.033301681 0.023652954 
0.010477812 -0.008850507 -0.0116891 -0.011257594 -117.69086 -0.019148547 0.0136003 
-0.020532685 0.03617986 -0.00022106132 0.0037098898 94.325966 -0.20312456 0.1441562 
-0.015658995 0.0066762915 -0.0053211849 -0.023791705 121.93509 -0.11989512 0.085133938 
0.032551067 0.038546826 0.023321034 0.088591405 -70.635061 -0.74685277 0.49448357 
0.018940732 0.0724651 0.011525487 -0.00067336388 -75.759351 -0.26565375 0.18577396 
0.0067289814 0.0022255046 0.0097180633 0.00096439907 -13.0702 -0.0052834676 0.003752979 
-0.011021692 -0.060714767 0.015223056 -0.019588397 86.605728 -0.11709001 0.082973089 
0.0205568 0.012001296 0.0099086007 -0.0026688702 -87.683755 -0.002189954 0.0015554081 
-0.0093085516 -0.057197846 0.011693332 0.017310203 -109.57675 -0.26486083 0.18763651 
-0.03142178 -0.016940755 0.0061753739 0.018621237 -31.649755 -0.48563869 0.33033778 
-0.0026610412 -0.042926605 0.017071405 0.029383796 -17.59493 -0.1068386 0.075771228 
-0.0063107257 0.088873665 -0.010395726 -0.0069936852 76.318508 -0.33549909 0.23146222 
-0.0094997562 -0.0059330092 -0.011671496 0.018095363 -27.076069 -0.14587822 0.10283388 
-0.0021421599 -0.015020715 0.015351854 0.0097859398 90.806859 -0.016671034 0.011839941 
0.0009086691 -0.087539559 0.026355826 0.035761592 21.754223 -0.36341012 0.25119531 
0.020385062 -0.021351738 0.0091702376 -0.00205519 -76.003308 -0.059135015 0.04199472 
-0.012411899 -0.015412615 -0.0036179591 0.050749733 70.469399 -0.2123764 0.15056667 
0.0041347216 0.017556618 0.01345123 -0.019181291 123.05094 -0.020569799 0.014602033 
-0.01245948 -0.01891692 -0.017310176 -0.0051531763 86.718446 -0.67755283 0.45516466 
0.0089580754 0.0053996077 -0.0066501977 -0.031580025 72.31486 -0.084916416 0.060283601 
-0.0023138174 -0.044003229 0.015094817 -0.01483197 -14.151606 -0.10954923 0.077718022 
0.0096011165 0.057890327 -0.0042048987 0.05809488 94.176337 -0.42149342 0.31073339 
0.020031398 -0.031907257 0.0045389632 -0.0030365647 85.135424 -0.1710382 0.12141311 
0.0082803046 -0.020624538 -0.015903197 0.00080320539 1.4449241 -0.12990505 0.092251428 
-0.017073967 0.035321218 -0.0012897468 -0.0086358168 -12.332208 -0.18252482 0.12954051 
-0.020185036 0.0060638178 0.0037304545 -0.034444768 -79.514929 -0.062957947 0.044690922 
-0.024309109 -0.051752788 -0.0079402553 0.047190318 -101.13245 -0.15091574 0.10687423 
0.0098075132 -0.0077031157 -0.0047386806 0.063373624 113.93252 -0.21339323 0.15115662 
0.0081992559 0.048900146 -0.0093588475 0.058451163 -30.239679 -0.12618233 0.089320815 
0.015607826 -0.0030932714 0.0044345137 -0.015362626 47.674306 -0.058024904 0.041211178 
-0.034406577 -0.061902963 0.0036164243 -0.068917217 -78.141092 -0.3109436 0.21446104 
-0.010400421 0.042664248 -0.015707132 -0.025240452 -80.314114 -0.072157707 0.05107782 
-0.01183958 -0.014604957 0.006915654 -0.003991631 -16.677173 -0.085433553 0.060677929 
0.0089544951 0.0062464656 0.011972456 0.031430241 -51.290157 -0.12012764 0.085278003 
0.0098836822 0.0286726 0.0079066302 0.0043930763 -119.10825 -0.25301728 0.17961414 
0.0074090993 -0.0095894744 -0.0077648845 -0.018139044 0.44499553 -0.46098443 0.4073044 
0.016211911 0.028030135 0.011224708 -0.032961668 -90.036093 -0.20717357 0.14697412 
0.033146282 0.029694423 -0.011851598 -0.076651152 119.7386 -0.53633659 0.37136553 
-0.01520086 -0.0052489094 -0.00062485998 -0.03778592 -17.087716 -0.068422794 0.048563721 
0.018579782 0.010072837 -0.0082719894 0.02902417 -48.417984 -0.088926087 0.063132871 
-0.007769454 0.01684925 -0.012305904 -0.023938657 55.03703 -0.36493374 0.25827372 
0.025889949 0.045801968 -0.0077389921 0.0660594 54.383825 -0.23532401 0.16456743 
0.015115124 -0.031932636 -0.008572743 0.016279916 58.344603 -0.093720187 0.066523266 
0.021949106 0.014837302 0.0080226116 0.022117818 -16.602447 -0.34967772 0.24402941 
0.0068283807 0.028896658 0.01923222 0.022597144 113.02444 -0.11246936 0.079827081 
-0.021002265 -0.078892141 0.026391547 0.087394624 110.7071 -0.66161621 0.43876685 
-0.019112301 -0.0035656021 -0.0024004303 0.0010723308 -37.767258 -0.28446245 0.20205921 
0.034346668 0.070636212 -0.0022809585 0.016608994 -14.546237 -0.54873411 0.38700072 
-0.026744538 -0.0054205262 0.0048966189 -0.0033614515 -98.616976 -0.14441993 0.10239106 
-0.013534034 -0.025783823 -0.0029493721 0.022515855 -97.050413 -0.22426139 0.15916861 
-0.014354208 -0.029424063 -0.0019688495 -0.03378051 28.673984 -0.17608098 0.12491314 
0.02348904 0.00058583043 -0.011739005 -0.03440954 -1.5104678 -0.16520709 0.11688129 
-0.024976338 0.022750566 -9.6632361e-05 0.010098589 -30.930281 -0.044761021 0.031784496 
0.013148385 0.0014179254 -0.0069536801 -0.0045689619 -101.85714 -0.0023059214 0.0016379396 
-0.00088284671 -0.0048268557 -0.013742373 0.0035830166 -123.37038 -0.08835997 0.062763196 
-0.020391728 -0.0064738296 -0.0013285379 -0.10488393 -104.71056 -0.33124705 0.2299195 
-0.027171543 -0.060431236 -0.0043361129 -0.061003767 -58.582331 -0.40639942 0.28661103 
-0.016550124 -0.034478651 -0.0026595277 -0.020947669 -118.89405 -0.45353606 0.32159089 
-0.0082437464 -0.045569488 -0.015560871 0.03545166 -39.628301 -0.10871385 0.076919265 
0.0075289314 -0.0039784909 -0.012377506 -0.0098154095 37.699893 -0.020648674 0.01466131 
-0.01913011 -0.0064215201 -0.0042902741 -0.0042801891 -110.56959 -0.13552215 0.095850451 
0.014240757 0.02254108 0.0098580642 -0.051178141 120.99074 -0.36906236 0.25601754 
0.0099737748 -0.026527329 -0.016109175 0.021631552 -77.128835 -0.1068386 0.075838705 
-0.017335374 0.0091659585 0.0086139687 -0.032901458 73.16713 -0.03641958 0.025853969 
0.031480039 0.061778718 0.020622812 0.11071256 -21.183804 -0.60799083 0.40634124 
0.0098499885 0.038791677 -0.028315977 -0.028647827 -82.632274 -0.40811056 0.28420418 
0.031014241 0.039919331 0.018887216 0.12810871 49.314285 -0.54031177 0.35979969 
0.0053465591 0.050375736 -0.014126474 -0.071447455 96.859453 -0.23679522 0.41871628 
-0.015005959 -0.0010499039 -0.0069738751 -0.023581596 91.110093 -0.11179679 0.078942695 
-0.016247068 -0.049594652 0.00017938105 0.017658361 79.575316 -0.12495151 0.088609865 
0.00070106932 0.029686425 -0.013347731 0.0016149223 55.405121 -0.076468016 0.05429062 
0.00015277415 -0.057392115 -0.019301174 -0.05822469 17.132204 -0.44514853 0.31397162 
-0.020905661 -0.050108699 0.010082717 0.045574123 -47.166483 -0.57673955 0.44927151 
0.015416749 -0.027663397 -0.010865548 0.033130099 -76.141732 -0.18627746 0.13215627 
-0.018300022 -0.01584842 0.01216247 0.008742887 15.678221 -0.072597408 0.051558564 
-0.024147384 0.063393686 0.0043944657 -0.049889613 75.509489 -0.047021481 0.033260657 
0.0013423775 -0.021964066 -0.022520266 -0.074794336 -78.377432 -0.36836445 0.26022759 
0.015931136 -0.010686237 -0.007334086 0.016100929 113.92427 -0.25156796 0.1786467 
-0.018708391 0.011015697 0.0093277194 0.0064886775 43.70232 -0.2356253 0.16735155 
0.020285715 -0.0038599461 -0.0075483651 0.0011213532 -106.79607 -0.012009151 0.0085303553 
0.010746081 -0.0143038 0.0087230716 -0.012187374 43.385384 -0.026258465 0.018648687 
0.025365603 0.0053486019 -0.006114402 0.008226067 84.159539 -0.031570988 0.022424601 
-0.018750369 -0.010264047 -0.010123981 0.011021752 121.94478 -0.081232266 0.05769415 
-0.012948961 0.025357053 0.0026565429 -0.035801986 -2.7218269 -0.23319993 0.16542245 
0.046235284 0.18928162 0.041031865 -0.1763365 -31.838774 -1.2688821 0.47847467 
0.02707466 0.00096860461 -0.0006673655 0.0010650426 -101.11811 -0.026613784 0.018904471 
-0.013136983 -0.0063248639 -0.0019974055 -0.0067935415 44.992304 -0.07542829 0.053576194 
0.099831431 0.28308103 -0.03841785 -0.064964774 -74.047744 -0.77190345 0.47603242 
0.013681139 -0.0080966689 0.0072161051 -0.0012603162 14.656994 -0.0098863168 0.0070222797 
0.025757536 -0.0094188194 0.0066811316 0.06470262 -32.449879 -0.37718797 0.26338628 
-0.012608395 -0.042866442 -0.0037608399 -0.050403861 85.974932 -0.21879468 0.27625383 
-0.0095201506 0.020330381 -0.0054194515 0.097053677 -25.494323 -0.16308067 0.114261 
-0.016706837 0.016524605 0.010149375 0.013850266 49.720107 -0.065459996 0.046486178 
-0.020338477 -0.012719408 -0.0018381744 0.031709132 -18.390186 -0.4115808 0.2835014 
-0.021941922 -0.021605996 0.0089609251 0.0075876395 73.29947 -0.077437538 0.054989922 
0.010335248 -0.014435013 0.004406803 0.018880804 -53.026697 -0.029552748 0.020985947 
0.013173035 -0.030481154 -0.011016536 -0.05654702 63.714531 -0.17909561 0.12687684 
-0.0068224298 0.0032987723 0.015276624 0.054464051 -38.708598 -0.28917003 0.20207569 
0.028690668 0.07712188 -0.0044425034 0.028089655 -26.525225 -0.48471575 0.34163138 
0.0020555503 -0.088917991 -0.015851302 -0.083817018 -102.49333 -0.51175155 0.34853091 
-0.02089444 -0.018798257 0.01088498 0.030868496 -21.618787 -0.64210773 0.42989238 
0.016981134 -0.03163868 0.020241959 0.029545348 -99.330564 -0.58497342 0.39699757 
0.020306207 -0.037529015 -0.011658341 -0.083556177 -100.45211 -0.50405568 0.34547613 
0.015572389 0.022563457 0.0018644713 0.017455452 -101.11648 -0.35653223 0.25307189 
-0.0155794 -0.020172007 -0.007888666 -0.0013950873 91.301822 -0.074070816 0.052602587 
0.012745088 0.01773082 -0.011704473 -0.035348507 -79.005794 -0.1068386 0.075821438 
-0.01817323 -0.077455724 -0.015695543 -0.030885944 60.214165 -0.27126406 0.18980167 
0.023096488 -0.0097769673 -0.0073184331 0.0083477629 17.412139 -0.055308007 0.039283271 
-0.00083150216 -0.014779089 0.014404709 0.025094465 123.71135 -0.18828334 0.13269609 
-0.012444988 -0.033840885 0.00056683167 -0.0039364165 -70.106046 -0.087525066 0.062130682 
-0.011292691 -0.021821757 0.003546276 -0.027977484 18.339916 -0.30112795 0.20989904 
0.015893079 -0.052762932 0.010714173 -0.012145226 1.454274 -0.18546182 0.13148589 
-0.020939436 -0.0053278334 0.0085911489 -0.0088916568 46.268817 -0.081545269 0.057920326 
-0.0094525874 -0.058410772 0.0080277865 -0.0028179471 119.85083 -0.58427426 0.42856242 
-0.011269752 -0.0282109 -0.0040614112 -0.056045548 -96.623377 -0.080300925 0.37788531 
-0.011497589 -0.00014949967 -0.012491741 0.0070971599 29.987428 -0.0073470915 0.0052187053 
0.011610632 0.068812235 0.0095594383 0.092331991 -18.322563 -0.30773701 0.29973968 
-0.015890557 0.0074202985 -0.0077786211 0.01019187 -61.33541 -0.34968914 0.24250847 
-0.018369699 -0.091936307 -0.0039313833 0.030786787 -45.875812 -0.078105881 0.055145913 
0.014998772 0.020762246 0.012158955 0.036686801 112.19111 -0.10579295 0.075070202 
-0.0083283915 -0.021453602 0.020952409 0.054134017 -11.129671 -0.36891147 0.25533627 
-0.011158523 0.012242154 -0.0056226359 -0.027621576 -10.950418 -0.18068161 0.12799999 
-0.024669501 0.0050487021 0.0038434195 0.022132215 25.321574 -0.02363708 0.016785592 
-0.0067660155 -0.012886937 -0.017019915 -0.013896536 33.546045 -0.040698879 0.028904028 
-0.018703592 -0.059265452 -0.010463205 0.024668734 -90.75911 -0.40265731 0.27848091 
-0.010886017 0.0076594176 0.014056701 0.02764769 -96.120347 -0.14339895 0.10180869 
0.018950995 -0.042168183 -0.0030234918 0.018085034 121.67546 -0.31590729 0.22401063 
0.024479137 0.059020459 0.0016030795 -0.049995388 57.046945 -0.24338245 0.16983192 
-0.0019569145 0.046698277 -0.013667235 -0.020369763 73.486978 -0.15469041 0.10970293 
-0.041047929 -0.073053266 -0.025920051 -0.077979085 -12.711038 -0.70918657 0.46720193 
0.017037652 -0.032379818 0.023310468 0.11323742 -23.076765 -0.46867918 0.32029514 
-0.022340477 0.015966005 -0.010396372 -0.017225247 -104.14771 -0.033682266 0.023918519 
0.00081682957 0.022426535 0.016668299 0.0048034265 62.865926 -0.0089439821 0.0063514621 
0.019106318 0.048457784 -0.013580768 -0.0039944523 -122.04402 -0.4169129 0.28616622 
0.015150552 0.0034906391 0.013401078 -0.00025918993 35.535802 -0.0079533529 0.005649447 
-0.0082975172 -0.013501692 -0.01583886 -0.095080557 35.942226 -0.25930562 0.17990419 
0.015534261 -0.0095230036 -0.0061960964 -0.00013984313 -73.468849 -0.024552444 0.017439448 
0.015685671 0.00051988609 -0.01413554 0.016964628 -89.593688 -0.058881833 0.041818827 
-0.012919808 0.0010743847 0.0068405549 0.0021719309 -101.43156 -0.0048796795 0.0034661583 
-0.012559039 -0.0045480599 -0.0019001197 -0.019224941 -85.349682 -0.35698726 0.25028584 
0.0092870982 -0.029843252 0.0086042812 0.01790933 23.596021 -0.085255701 0.060518152 
0.0077028674 -0.075160725 -0.0067341903 0.081434658 -28.653718 -0.11300606 0.080041854 
-0.0014482466 -0.082350326 -0.018806909 0.0014055756 80.026285 -0.53145517 0.35579629 
0.00075575153 0.022864987 0.013033257 -0.0039479118 -64.590242 -0.015546995 0.011040417 
0.0025480257 0.047786703 0.010307148 0.0231031 -66.937251 -0.19005416 0.18693285 
0.012141326 0.046557809 -0.012563523 -0.0042103405 -40.345262 -0.17341233 0.12300656 
0.00096448686 -0.004958603 0.013901497 0.013958692 63.168515 -0.022544312 0.016012024 
-0.018110598 0.0035873476 0.00010650399 0.0051469975 1.4605988 -0.0065977301 0.0046864533 
0.0085608897 0.0054508678 0.010414389 0.022259707 -36.640324 -0.022019275 0.015636657 
0.014285105 0.031046267 0.003564823 -0.047992785 4.9530036 -0.11167869 0.079177056 
-0.012564385 0.052598196 0.013717802 0.078220704 57.901529 -0.44872255 0.30366136 
0.0063679705 -0.044942163 0.010956753 -0.013966339 40.027508 -0.28329509 0.20088815 
0.019820012 -0.0036104602 -0.0096888173 -0.016633634 -29.657207 -0.058534354 0.041572008 
-0.020467913 -0.060005201 0.0016326359 0.03638565 53.691472 -0.24631843 0.17207476 
0.015946219 0.017158844 -0.0090141675 0.035716493 -40.594663 -0.21293392 0.15109007 
0.0028018274 0.088302189 -0.016095348 -0.015315244 -3.1294708 -0.33058959 0.23325104 
0.014259493 -0.011866392 -0.00017431804 -0.015041376 -111.5441 -0.072153354 0.051242086 
0.0023096378 0.028632839 -0.019078294 -0.081677291 81.699713 -0.27045027 0.35859359 
-0.002324928 0.013799085 0.014003546 0.0081790822 -71.912393 -0.054107025 0.038428358 
-0.011284317 -0.02496591 0.0020122202 0.029176466 -90.116007 -0.10228185 0.072591775 
-0.018680248 0.0035182431 0.0083209831 -0.018102228 -71.60155 -0.18584612 0.13045538 
-0.014562107 0.085868748 -0.0025221799 0.019306965 50.548465 -0.30691527 0.21386593 
-0.00010673646 -0.037905126 0.010502708 0.033956027 -20.69396 -0.18393057 0.36495571 
-0.019798878 0.063374081 0.0080047535 0.00091688633 104.41563 -0.090487096 0.064027686 
-0.012974751 -0.0038697991 -0.0038366284 0.016046828 56.588155 -0.10540455 0.074637542 
-0.017994749 -0.0051586417 -0.0096565311 -0.02026932 -33.425301 -0.17817964 0.1264776 
-0.026691313 -0.054221463 -0.00092379236 0.061188066 -11.292958 -0.12174557 0.085771366 
-0.019822001 0.0084955547 -0.00674005 -0.008839351 -66.103113 -0.042941727 0.03050024 
0.019614981 0.028851302 0.013560389 0.0073414527 -107.77953 -0.51890464 0.34855009 
-0.014809887 0.00092811049 0.012345088 0.019035715 48.20645 -0.18577665 0.13193073 
-0.0075901993 -0.069875585 -0.0098915429 0.016744885 109.83667 -0.22644737 0.15852059 
0.023317038 -0.011110658 -0.011093904 -0.053062618 12.669407 -0.21437853 0.15131009 
-0.021441582 0.029594467 -0.0012110554 0.038311394 -79.898585 -0.35422821 0.2437327 
0.02771322 0.00453562 0.0073090013 0.063477675 -85.727203 -0.28855926 0.20368398 
0.026583052 0.038419641 -0.0062087547 0.0004003728 -54.247006 -0.18784303 0.13330044 
0.0075317875 -0.014873386 -0.0081429709 -0.034181926 84.613914 -0.15653897 0.11103044 
-0.027160116 -0.054386434 0.0056491548 0.039587021 117.67822 -0.32443766 0.22959182 
0.017834068 0.027547448 -0.0014985666 0.030715766 -62.449042 -0.19301886 0.13695177 
0.0083711884 0.014079123 0.0060405992 0.010063195 4.7980267 -0.021225791 0.015074931 
-0.014443507 -0.0057920048 0.0045865089 -0.014697227 -25.424118 -0.10630403 0.075499687 
-0.0073127218 -0.030059548 -0.02136292 0.016388538 0.10638453 -0.47064533 0.31775259 
-0.0079827892 -0.039592922 0.016018565 0.019799619 -7.4099324 -0.22819942 0.16187317 
0.0047112584 9.0802457e-05 -0.014240473 0.01527495 32.558871 -0.024284077 0.017247558 
-0.010271954 0.076536959 0.00032661409 -0.033317682 -89.76381 -0.15425008 0.10850811 
-0.018312192 -0.017315593 0.012082048 0.010411207 86.814113 -0.19947525 0.14057341 
0.0024067416 0.010266813 0.018627021 0.0036234284 111.19221 -0.02065154 0.014668454 
-0.020083628 -0.0071622139 0.0090847877 0.0031151991 -11.067137 -0.008040327 0.0057110859 
-0.020641162 -0.026587429 0.0011442837 -0.003464485 104.85724 -0.047502973 0.033729708 
-0.007393554 0.0011609902 -0.014404893 0.017841257 104.42045 -0.077578612 0.055096379 
0.0127564 -0.0077855249 -0.017390266 -0.031975802 20.00013 -0.19301886 0.137008 
0.0070754113 -0.09265268 0.0075685063 0.035870257 38.914113 -0.2700244 0.18864983 
-0.020825642 -0.028653154 0.0087956109 0.020180052 6.7418552 -0.39878615 0.28215385 
-0.041859263 -0.11283033 -0.00029364944 -0.03647706 -56.85027 -0.61683952 0.41999826 
-0.0046078755 -0.0082166069 -0.015681406 -0.049075747 51.394915 -0.29259184 0.20743219 
0.011280431 -0.039214617 0.0024145363 0.056534644 -86.810161 -0.35653223 0.25219776 
0.019208753 -0.014909614 0.0057744422 0.0069229799 -36.490505 -0.024581425 0.017458413 
0.010219375 -0.012237026 0.02407566 0.074173746 -29.42714 -0.33973095 0.23612845 
-0.0058334958 0.0039615676 -0.0083817954 0.025234221 -59.244829 -0.068880968 0.048910463 
-0.0081160138 -0.0071818376 -0.0088463124 0.00010307653 88.093487 -0.16920052 0.12018375 
0.0079397288 0.065123415 -0.011573843 0.069480045 -13.160839 -0.20526803 0.14478762 
0.026111369 -0.010243977 0.0030589201 -0.015936169 115.47842 -0.19301886 0.13707385 
-0.010471967 -0.014030336 -0.013821083 0.010509939 -70.110935 -0.018948401 0.013457441 
0.010488486 -0.0023219203 -0.00069567965 0.0032178164 -4.0456763 -0.046626087 0.033119494 
0.010831558 -0.012420596 -0.0041053297 -0.007635492 8.3604565 -0.0065645171 0.0046624543 
-0.006632324 -0.032140272 0.0089941444 -0.015690013 -81.429567 -0.13508806 0.095301256 
0.025633034 0.049319598 -0.018449595 -0.049761104 -37.187852 -0.48697782 0.33442331 
-0.023520526 0.010455524 -0.0063612951 0.010955314 -79.257063 -0.031658949 0.022485517 
-0.022281927 -0.012277499 0.0094832603 0.015457029 -116.65034 -0.29675819 0.20724138 
-0.029115122 -0.1082879 -0.020234275 -0.038041866 94.912813 -0.43296729 0.29696808 
-0.011100528 -0.023327943 0.0043143645 0.0096470871 67.355823 -0.057536077 0.040855341 
-0.012483624 -0.032585768 0.012677737 -0.034944839 13.602108 -0.032514273 0.023044571 
-0.025341054 0.00096698082 -0.0019042653 0.01125192 109.80949 -0.030613539 0.02174418 
-0.017861892 -0.023595744 0.0066576106 -0.025885568 101.26619 -0.19301886 0.13699494 
0.011910188 -0.076692211 -0.014547405 0.012592524 96.375324 -0.33335004 0.23157254 
-0.015958359 -0.073668665 -0.0078764342 0.064994736 -88.077979 -0.13416282 0.094558762 
0.015559495 -0.094320091 -0.0033987994 -0.018625632 9.2461152 -0.22503983 0.15831023 
0.00328131 -0.006067005 0.010648662 0.010994738 61.113417 -0.16048561 0.11398594 
-0.015930104 -0.0055791696 0.0049127854 0.0075579826 58.625247 -0.016156492 0.011475877 
-0.0053811864 0.014934817 0.016261502 0.002408884 61.863493 -0.12816388 0.091025769 
0.018607549 0.0001767841 -0.0098402357 -0.013249239 -110.08792 -0.051504398 0.036581522 
-0.023492862 -0.0098398257 -0.016124801 -0.050357042 9.6575868 -0.33484814 0.23732077 
-0.0089420658 -0.025752874 -0.0057727163 0.013327291 -8.4664286 -0.12788871 0.45179702 
-0.00035874177 0.010909989 0.014284731 -0.031490122 -95.189735 -0.12072623 0.085698633 
0.014916385 -0.016763493 0.013107503 0.018129776 108.34727 -0.097336074 0.069116294 
0.014246579 -0.014100795 0.013523535 0.0056628627 10.859943 -0.03204057 0.02275654 
0.0089165501 0.0020505897 -0.013879839 -0.0092917446 114.70169 -0.055642585 0.039522503 
-0.015076144 0.0035978431 7.9146191e-05 0.0092025533 20.962338 -0.052059426 0.036977281 
-0.0060308703 0.050494254 -0.012351912 -0.0068630266 -68.374973 -0.43974338 0.31151059 
-0.0021722974 0.015393213 0.011890437 -0.00047129832 -29.883195 -0.028912027 0.020517961 
-0.011797036 0.0078861444 0.021554506 0.083561655 97.380251 -0.30386479 0.21423248 
0.011474319 0.060948749 0.026252303 0.1376208 -39.804696 -0.51735225 0.34900939 
0.0084182092 0.0083509477 0.01555534 0.003615652 122.79085 -0.029435441 0.02090789 
-0.019436571 0.016470515 0.009290149 0.019987921 -82.330141 -0.037828127 0.026860857 
0.0047847137 -0.088453027 -0.0098101513 0.0029530722 -41.20874 -0.36415088 0.25203224 
-0.0019761315 0.024863071 -0.018862121 -0.040001324 -35.470011 -0.084032552 0.059430243 
-0.017673144 0.0016964856 -0.0096611303 0.00015139148 6.3374732 -0.015083276 0.010714044 
0.010816916 -0.037015521 -0.010526023 -0.048407601 85.040482 -0.47425332 0.32596687 
0.01843398 -0.0049853278 -0.013308844 -0.024334417 19.691926 -0.20745905 0.14694885 
0.010368455 0.022555218 0.0038228383 0.022405273 89.338767 -0.1068386 0.075845791 
-0.016238195 0.027682836 -0.0083224806 -0.005481065 44.969357 -0.16119129 0.11377927 
-0.020237865 0.03509752 -0.0011632087 0.025723579 9.0684294 -0.14826863 0.10519601 
-0.016824558 -0.04835611 0.03812501 0.21437961 -101.88564 -0.66838198 0.4346868 
0.017561038 0.046193159 -0.0047358507 -0.015170844 -78.92316 -0.21752321 0.15426075 
0.023700576 0.026038858 0.009965078 0.035535493 -91.74658 -0.059972859 0.042555504 
-0.022697201 0.021670012 0.0026831856 0.089953181 105.73263 -0.18107603 0.12647264 
0.0087627822 0.038309166 0.014829964 0.019938612 83.621014 -0.28076144 0.19664327 
-0.011906483 0.032411622 -0.00091325862 0.026569451 94.802127 -0.19301886 0.13694686 
-0.020394037 0.020868839 -0.0026312 0.006537728 56.379854 -0.062406355 0.044317372 
0.01901457 0.0026395564 0.0061857924 0.024223637 -79.356701 -0.064701524 0.045944328 
-0.018108498 -0.0012138898 0.0060648355 0.017068146 31.297864 -0.10832425 0.076932524 
-0.0096663167 -0.068057432 -0.0112674 -0.016940137 -48.139946 -0.23067002 0.16328465 
-0.019421335 0.017650254 -0.0082291887 0.045042252 58.418 -0.51240331 0.34794589 
-0.008960756 0.079754126 -0.0051024137 -0.07282345 108.52258 -0.29235443 0.20659208 
0.021234406 0.00062292778 -0.0082080136 -0.0045191455 95.159819 -0.0082310288 0.0058466611 
0.019486194 -0.051160848 0.0012455992 0.024264563 -76.502407 -0.11661024 0.082675189 
-0.02137789 0.03386113 -0.016236439 -0.022475401 -68.395643 -0.44861468 0.30974526 
-0.016910229 0.0022019602 -0.0054096023 0.016245422 -19.032253 -0.19760667 0.13887364 
0.0040707973 -0.025280444 -0.013408034 -0.020450085 38.192433 -0.066742379 0.047239432 
-0.0061478589 0.022462472 0.017165966 -0.013999393 32.934634 -0.04315556 0.030643177 
-0.022819434 -0.075433122 0.0011042558 0.026121332 -18.793309 -0.2897457 0.20236873 
-0.015716791 -0.022400405 0.0076196891 0.0095156769 -45.153845 -0.15157486 0.10762807 
0.023598995 0.022126698 -0.010776164 0.0038929486 83.272826 -0.3189305 0.22645062 
-0.001942602 -0.0093008627 -0.011057999 -0.00065594596 63.875158 -0.097891386 0.069531434 
0.014889129 0.017291731 0.0076577086 -0.032778934 -122.3853 -0.11068901 0.078562335 
0.02742274 0.065995632 -0.012854072 -0.078993977 -71.982929 -0.23263376 0.16256315 
-0.01862167 -0.045692423 -0.0030936645 0.020152283 72.266942 -0.32228277 0.2248749 
0.010186567 0.11651057 0.0077763825 -0.066294587 1.1266432 -0.5048905 0.34390961 
0.018847838 -0.05690857 0.0031845861 0.017700369 7.9767981 -0.35653223 0.25246039 
-0.021741642 -0.015930761 0.018848688 0.073056937 81.165876 -0.30996275 0.21632948 
-0.00088258313 -0.0019415805 0.015896195 0.0027107325 -90.195375 -0.010947857 0.0077765158 
-0.010273209 0.042730582 -0.00099825343 -0.0263348 69.301638 -0.31302984 0.21823916 
0.025993847 0.050186922 0.017590548 0.094638814 43.624674 -0.38435052 0.27012435 
-0.013044563 -0.052387819 -0.0014683758 -0.034933797 -69.510202 -0.18696216 0.13128656 
-0.013590245 -0.0049238968 -0.0039161264 0.011683052 90.205143 -0.032807941 0.02330241 
-0.0097442133 0.023777344 -0.005418586 -0.013829722 61.030379 -0.17997189 0.12669886 
-0.012784968 0.021277909 -0.010280154 -0.00043193957 -100.94308 -0.25243616 0.17711061 
-0.012093054 0.0039883858 0.013153145 0.013936209 -123.34778 -0.07009334 0.049783433 
-0.015715379 0.058299399 -0.0088504799 0.0094594567 -88.356774 -0.16166887 0.11458546 
0.036828637 0.077699402 -0.024449049 -0.093506982 12.570641 -0.55908126 0.37830727 
-0.0030476758 -0.018071353 0.016588861 0.0014112433 81.969484 -0.024017753 0.017057565 
-0.0020685645 -0.0031329392 0.014653712 0.043682291 -78.807256 -0.14784132 0.10489133 
-0.015559343 0.0073820841 0.0047633328 -0.0010351482 -9.6855107 -0.026721404 0.01898039 
-0.018579028 -0.0051421139 0.006135921 0.019092094 -86.175603 -0.014826085 0.01052927 
0.010976524 0.035915359 0.019956116 0.047841781 -117.43253 -0.17464143 0.12251891 
-0.022324628 -0.022032835 -0.0023173686 -0.0011618877 -9.9851857 -0.10617163 0.075395267 
-0.015808164 0.006775433 0.0069960058 -0.005684227 62.505194 -0.044045972 0.031285747 
-0.023430258 0.0035952419 0.0059561967 0.0070465019 111.88555 -0.065628403 0.046616034 
0.006455926 0.0020705979 0.015988114 -0.013422968 -105.79871 -0.086516673 0.061448739 
0.0070243108 0.033392842 0.016201699 0.028280153 102.47691 -0.20287101 0.14391891 
0.0097062985 -0.020959965 0.022705039 0.0802545 102.06061 -0.75735708 0.48699392 
-0.020477941 -0.024561324 0.012391193 0.034002244 71.107331 -0.19292755 0.13688183 
0.0041790648 -0.00062892249 -0.0090986964 -0.0051361659 -79.837963 -0.0040540022 0.038879629 
-0.021353988 0.0034830282 -0.0060292035 -0.0056727252 -121.67883 -0.12156125 0.086259725 
-0.017027756 0.024482503 0.008756501 0.01080422 -22.918817 -0.19717344 0.13991001 
0.021386835 0.080324058 0.011629275 -0.016593309 -92.900324 -0.40785145 0.28206175 
-0.0078612393 -0.0019489044 -0.015758523 -0.0019160444 -93.968847 -0.10199515 0.072449608 
0.0087731372 0.10475506 0.010086062 0.034107918 69.461401 -0.56822335 0.40394989 
0.025406608 0.028118914 -0.011154258 -0.01458343 -68.119243 -0.27393189 0.19227098 
0.022433309 -0.0064091539 -0.0060139217 -0.0085172601 54.582165 -0.022490862 0.015974932 
0.0010818022 0.046810767 -0.010682423 0.043600009 15.986624 -0.30824418 0.21366686 
-0.012734631 0.0079607457 0.015900364 0.054897941 56.079707 -0.30819624 0.21470965 
0.00094635503 0.004451949 -0.018849122 -0.011352048 16.257754 -0.069324275 0.04923888 
0.0052797193 0.018008535 0.012153355 -0.018700371 -48.111145 -0.12086865 0.08582194 
