% PARTICLE_ATTRIBUTES_CONTROLLERS_NAMES 
% BUNCH_ATTRIBUTE_DOUBLE charge   1 
% BUNCH_ATTRIBUTE_DOUBLE classical_radius   1.5347e-18 
% BUNCH_ATTRIBUTE_DOUBLE macro_size   10 
% BUNCH_ATTRIBUTE_DOUBLE mass   0.938272 
%  SYNC_PART_COORDS 0 0 0  x, y, z positions in [m]
%  SYNC_PART_MOMENTUM 0 1.696037735 0  px, py, pz momentum component in GeV/c
%  SYNC_PART_X_AXIS 1 0 0  nxx, nxy, pxz - x-axis ort coordinates
%  info only: energy of the synchronous particle [GeV] = 1 
%  info only: momentum of the synchronous particle [GeV/c] = 1.696037735 
%  info only: beta=v/c of the synchronous particle = 0.8750256597 
%  info only: gamma=1/sqrt(1-(v/c)**2) of the synchronous particle = 2.065789025 
%  SYNC_PART_TIME 6.717267486e-15  time in [sec]
% x[m] px[rad] y[m] py[rad] z[m]  (pz or dE [GeV]) 
0.0238388 3.4777178e-05 -0.0096304264 -1.7805248e-05 46.343965 -8.1435706e-07 
-0.0084851087 -0.0023203187 0.011365871 -0.0018666598 22.340063 -8.1436074e-07 
0.0092302576 0.0019140931 0.0067773441 0.0036752854 58.4655 -8.1436385e-07 
0.015776791 -0.0013576686 0.0040740194 0.0037482388 -62.08263 -8.1436323e-07 
0.024521243 -0.00054640521 0.0042731498 -0.0020190753 -3.7996971 -8.143589e-07 
-0.0096157661 -0.0019210274 0.0014700256 0.004066523 75.472618 -8.1436503e-07 
-0.00060947885 -0.0029765044 0.0023744911 0.0028856984 99.942565 -8.143639e-07 
0.0048902981 0.0011948259 -0.00099801367 -0.0049067321 26.294171 -8.1436729e-07 
0.0095473159 0.00015873192 0.01536132 0.0024482272 61.281695 -8.1435931e-07 
-0.020794623 -0.0008781234 0.002100068 0.0031710371 -7.5333068 -8.1436166e-07 
-0.0089441873 0.0031546279 0.0051691466 -0.0012866656 80.688491 -8.1436154e-07 
-0.014809215 0.00070271894 -0.015261461 -0.0007155217 -20.538421 -8.1435742e-07 
-0.013305352 -0.0027792476 -0.0068370095 0.0010074058 101.58742 -8.1436073e-07 
0.0042074321 0.00047444639 0.015881219 -0.0026951343 108.09868 -8.1436011e-07 
0.0072414726 -0.0022299682 -0.013901611 0.0002204966 33.445237 -8.1435905e-07 
0.00059321553 -0.00079744626 -0.018297095 0.00029889404 41.109276 -8.1435748e-07 
-0.0066806015 0.0018919259 0.0050450973 -0.0040835958 -69.974181 -8.1436537e-07 
-0.0019588322 -0.0011284365 -0.016285095 0.0019967986 75.290281 -8.1435916e-07 
-0.0096384007 -0.00035812466 0.017537292 0.00026311499 -3.3587184 -8.1435697e-07 
0.017089398 -0.0025840382 -0.0041574329 -0.0012925779 -37.440265 -8.143605e-07 
0.021361266 -0.001517735 -0.0054461067 0.0019866325 89.429296 -8.1435955e-07 
-0.0031744476 0.0025467141 -0.010164977 -0.0022913607 -81.976495 -8.1436198e-07 
0.003696976 0.0024237842 0.0017148148 -0.0038632996 -105.11332 -8.1436548e-07 
-0.027405522 0.00032000437 0.0022502794 1.1304794e-05 -64.596749 -8.14357e-07 
-0.010189786 0.00043560067 -0.010075136 -0.0040155087 114.84931 -8.143636e-07 
0.022782916 -0.00048161145 -0.010468915 -0.00011728955 107.13568 -8.1435714e-07 
0.024476125 -0.00054109125 -0.0070116416 0.0013146634 -64.691927 -8.1435771e-07 
-0.0030022819 -0.0013667951 0.0053606405 -0.0046040552 53.492935 -8.1436633e-07 
-0.024009009 -0.00030253396 0.0092833625 8.7835788e-05 42.171385 -8.1435712e-07 
0.013087742 0.0011294942 0.015489895 0.00030287879 -85.005579 -8.143577e-07 
-0.026526454 -0.00084931163 -0.0033859045 -0.00011352093 -5.476367 -8.1435743e-07 
0.0027325775 0.0034864496 -0.0042217727 0.00022230564 20.459698 -8.1436211e-07 
0.015614204 -0.0013990639 0.006316537 -0.0034374919 -57.349887 -8.1436276e-07 
0.0025008129 -0.00040761179 -0.011189307 0.0042064144 -41.107295 -8.1436414e-07 
0.0057397923 0.001322604 -0.012374378 -0.0033856171 12.498101 -8.143622e-07 
-0.0028479666 -0.0028051843 -0.0018507075 -0.0032892681 89.78728 -8.143646e-07 
0.0026933984 0.00062097111 0.013634483 -0.003520224 -91.195841 -8.1436211e-07 
0.014528932 0.0026305733 -0.00067949321 -0.0023904063 57.243788 -8.1436216e-07 
0.0076818298 -0.0030930223 0.0050049844 -0.0018514932 -112.08221 -8.1436244e-07 
0.01285815 0.0012740283 -0.012508159 -0.0025621575 38.247202 -8.1436035e-07 
0.011344014 0.0017761961 -0.0060473507 -0.0036690171 94.871237 -8.1436369e-07 
-0.022830308 -0.00044384377 0.0048873789 -0.0025976708 49.376234 -8.1435971e-07 
0.011611123 0.00067282158 0.011781937 -0.0032867214 90.285575 -8.1436175e-07 
0.0059642677 -0.0010451543 -0.016785665 -0.0014678261 88.61384 -8.1435837e-07 
-0.0073908005 -0.00027466112 -0.004868834 -0.0048787876 -21.456903 -8.1436676e-07 
0.0011327377 -0.0019660393 -0.010416254 0.0034072118 106.92894 -8.1436336e-07 
-0.019552757 0.00091328932 -0.009735694 -0.0022002324 97.055871 -8.1435942e-07 
-0.0029320373 0.00043637262 -0.018503518 0.00047125483 -102.02064 -8.1435714e-07 
-0.01492856 -0.00042968582 0.0034305022 -0.0043341946 117.58061 -8.1436456e-07 
0.011227742 -0.001117631 -0.0057098546 -0.0043215058 95.406101 -8.1436502e-07 
0.01250382 0.0022944363 0.0099382709 0.001811398 -4.7502941 -8.1436067e-07 
0.0015565315 0.00072216453 0.010238311 -0.0043261204 -23.531265 -8.1436486e-07 
0.0011418201 0.002601923 -0.0083065156 0.0027995881 -78.931342 -8.1436288e-07 
0.0020584832 -0.00022175506 -0.014070387 0.003502058 118.69222 -8.1436185e-07 
-0.014205942 0.0018414088 -0.0024877334 0.0035837048 -101.8104 -8.1436385e-07 
-0.015515526 0.0003345613 -0.0072616473 -0.0039006359 -78.365241 -8.143631e-07 
-0.016765303 0.0018039975 0.0079760296 -0.002328927 -85.568787 -8.1436063e-07 
-0.010658064 -0.00044711448 -0.0059543285 -0.0045929909 113.72713 -8.1436547e-07 
0.0005978114 0.0030216867 0.0067461889 -0.0023024285 56.634728 -8.1436281e-07 
0.0083847983 0.00063653354 -0.0095036589 -0.0041272895 105.01305 -8.1436424e-07 
0.0025241376 -0.0016954755 0.016075403 -0.0010978312 1.7263169 -8.1435864e-07 
0.0022390277 0.0014446025 0.0010205688 0.0048423049 -63.779035 -8.1436724e-07 
0.018451752 -0.0013410208 0.010868177 0.0015541308 32.47572 -8.1435855e-07 
0.021150498 0.0022240657 0.0021895889 0.00099231595 119.79701 -8.1435945e-07 
0.0069027996 -0.00026060786 0.013068045 -0.0036031275 -7.8189626 -8.1436208e-07 
-0.0072015833 -0.0031805898 -0.0076483676 0.00018130161 -82.430823 -8.1436091e-07 
-0.010843976 -0.0021377683 -0.013244996 0.00014847722 69.709846 -8.1435871e-07 
0.020892998 5.6066647e-05 -0.010149137 0.0020056145 3.6328725 -8.1435852e-07 
-0.0079700665 -0.0013161735 0.00062422615 -0.0047145327 99.446539 -8.1436684e-07 
0.024468056 0.001272804 -0.0024266947 0.0014704955 -43.912466 -8.1435857e-07 
0.010424256 -0.0019113519 0.010981816 -0.0025452371 -7.144088 -8.1436134e-07 
0.007529477 0.00045267606 -0.013320069 0.0034454279 -81.145314 -8.1436194e-07 
-0.017608194 0.00096892433 0.012177737 -0.0017518764 -19.866974 -8.1435872e-07 
-0.01263102 0.002344998 -0.0073298065 -0.002564662 106.16711 -8.1436168e-07 
0.018380045 0.0020917855 0.0085704441 -0.00059472122 81.929292 -8.1435883e-07 
-0.0022941387 -0.00029513241 0.018700521 9.6145287e-05 120.39931 -8.1435696e-07 
0.00015389098 0.0029644069 0.001696346 0.0029441236 -37.815211 -8.143643e-07 
-0.014274914 1.5544287e-05 0.013924059 -0.0023299767 -119.69074 -8.1435927e-07 
-0.0096808728 0.0016918186 -0.0016808707 0.0042986906 -6.8230906 -8.1436561e-07 
-0.013479044 0.0011731874 0.0069445696 0.0038467472 -90.598605 -8.1436345e-07 
0.025269981 -0.0011815554 -0.0019738079 0.0011969969 100.77517 -8.1435811e-07 
0.019938663 0.0017881522 -0.0018119448 -0.0024488324 90.68073 -8.1436102e-07 
0.0092894458 -0.0033133551 0.003851294 -0.00058070534 115.17228 -8.143616e-07 
0.0099875418 -0.0024012727 0.0025033244 -0.0034286381 73.668436 -8.1436417e-07 
0.0044223955 -0.0004005886 0.01849234 -1.2197584e-05 -76.358455 -8.1435695e-07 
0.0014825381 0.001840832 -0.004158902 0.0044255841 -61.011501 -8.1436645e-07 
0.013510067 0.0013028531 -0.014936677 0.00022077305 -11.409567 -8.1435771e-07 
-0.010328828 0.0028110023 0.005294787 -0.002118967 107.75573 -8.1436199e-07 
-0.021622568 -0.00092171932 -0.010238151 -0.00083615141 -47.899602 -8.1435779e-07 
-0.0032947189 0.0026115012 0.0062839744 0.0030936838 70.754913 -8.1436376e-07 
-0.0047802461 0.00092618408 -0.0019491579 -0.0049932424 -69.856988 -8.1436765e-07 
-0.013314585 -0.0025227583 -0.010031896 -2.0455074e-05 -93.03864 -8.1435951e-07 
0.023676575 -0.0013481979 0.0065346597 -0.00063813097 -46.577735 -8.1435785e-07 
-0.0083649031 -0.0031000971 -0.0050129769 -0.0017682236 -71.927412 -8.143623e-07 
0.0065817484 0.0012904469 -0.016952313 0.00029868847 -81.406803 -8.1435788e-07 
0.0059026689 0.0032218373 0.0049821122 0.0014958064 -39.078733 -8.1436216e-07 
-0.00072449284 0.0012929837 -0.0052132843 0.0046965247 -21.753277 -8.1436667e-07 
0.0065046004 -0.00059128799 -0.015591749 0.0025370699 47.479486 -8.1435987e-07 
0.00017612453 -0.00041612254 -0.017291616 0.0019989417 10.930732 -8.1435885e-07 
-0.011600999 0.0017747815 -0.010564217 0.0026944681 79.044179 -8.1436141e-07 
-0.02640203 -0.00079713634 0.0037933394 0.00053133735 110.87743 -8.143574e-07 
0.025131279 -0.00011376906 0.0064833912 0.0012755661 -73.926137 -8.1435777e-07 
0.01119019 0.00036713118 0.014711885 -0.0024125629 -44.973074 -8.1435966e-07 
-0.0079561075 -0.0023923564 0.0026577875 0.0036744261 75.146625 -8.143648e-07 
0.02674714 0.00032092905 -0.0042975512 0.00053292913 -8.5829073 -8.1435728e-07 
-0.010844897 -0.0021839688 0.0041025294 -0.0035536959 63.949303 -8.1436395e-07 
-0.011402487 -0.00055485295 0.0019684382 -0.0047477385 91.889648 -8.1436635e-07 
-0.0060615158 0.00076314341 0.0171604 0.0014484146 -21.592031 -8.1435816e-07 
0.0095206056 -0.0012723598 -0.014110195 -0.0024109938 76.382499 -8.1435989e-07 
0.0068473905 -0.00064550838 -0.0047542939 -0.004861767 68.389677 -8.14367e-07 
-0.0055394336 -0.0022206918 0.012321007 0.0021149319 3.5983328 -8.1436073e-07 
-0.0093517179 -1.3649894e-05 -0.0046726064 -0.0048259788 -13.594619 -8.143664e-07 
-0.0099353292 -0.0031183043 0.0065174972 0.00031084146 -91.560526 -8.1436102e-07 
0.02279014 -0.0013063625 -0.0066486647 -0.0014812931 -35.295804 -8.1435864e-07 
-0.01512714 -0.0025100848 0.0062173378 0.0017382411 -115.72103 -8.1436096e-07 
-0.0098399473 0.002391438 -0.011328834 -0.0016888339 -85.291159 -8.1436016e-07 
0.02565563 0.00083912017 0.0043772599 -0.00097709203 -114.58207 -8.1435756e-07 
0.014758459 -0.0011456637 -0.014578554 0.00080571171 31.462371 -8.1435784e-07 
-0.022383161 -0.00054657577 0.01074867 9.5385789e-05 -45.640861 -8.1435709e-07 
-0.013568977 -0.0017021375 -0.008913034 -0.0030000083 -98.643862 -8.1436197e-07 
0.022860397 0.0018799436 -0.0014688031 0.001129615 8.6868497 -8.14359e-07 
0.0094154367 -0.0032986443 0.0037175936 0.00033744787 -115.71098 -8.1436149e-07 
-0.017410029 0.0018197534 -0.0078461992 -0.0022940639 80.662942 -8.1436019e-07 
0.0067088386 9.0214912e-05 -0.018271008 4.1732047e-05 109.40788 -8.1435692e-07 
0.013180031 0.00090347917 -0.013364028 -0.0024541179 -71.430774 -8.1435965e-07 
0.0066107896 0.002045098 -0.0082615914 0.0035525479 44.619287 -8.1436376e-07 
-0.011104304 0.0016866141 -0.011203585 0.0027391235 -65.333938 -8.1436119e-07 
0.0056612488 0.003078483 -0.0089652235 -0.00012829771 -56.577517 -8.1436079e-07 
0.015685921 -0.00047418419 -0.0048150751 -0.0041327135 -67.842829 -8.1436394e-07 
0.025691056 0.0006204232 -0.0014400563 0.0017132072 14.133616 -8.1435841e-07 
-0.012593586 -0.0012813452 0.014331815 0.0015548295 112.99076 -8.1435882e-07 
-0.013932463 0.00092810135 0.0010593369 -0.0042966408 -25.908819 -8.1436495e-07 
0.024560615 -0.0011446365 -0.0060340489 0.00064892898 -33.033166 -8.1435764e-07 
-0.020911846 -0.0012632293 0.002631248 0.002847097 121.27278 -8.1436096e-07 
-0.022540549 0.00051286967 -0.0090002393 -0.0016307597 53.74083 -8.1435816e-07 
-0.020012643 -0.0017452858 0.0011747109 0.0026179576 -82.806989 -8.1436093e-07 
0.017395301 0.00034451783 0.0081884572 -0.0034220222 -83.006576 -8.1436166e-07 
0.017046251 0.0010761962 -0.012445697 0.0016929869 84.232827 -8.1435879e-07 
-0.0071536242 -5.6751766e-05 0.014461493 -0.0031459394 -101.48335 -8.1436082e-07 
-0.00087968317 -0.0025224692 0.0021099253 -0.003726877 69.669842 -8.1436521e-07 
-0.016614162 -0.0008432107 -0.012524377 0.0020005489 106.92623 -8.1435877e-07 
-0.020433117 -0.0022613673 0.0028891283 -0.001201075 88.680165 -8.1435966e-07 
-0.016144396 -0.00091177194 -0.0040442231 -0.0039348216 -93.329856 -8.1436357e-07 
-0.0054788328 0.0023794111 0.0050535718 0.0035837799 35.061325 -8.1436456e-07 
0.017115112 -0.0021113452 -0.009559889 -0.00064788449 75.323561 -8.1435899e-07 
0.018007278 0.00034152898 -0.014125622 0.00039778077 122.02649 -8.1435716e-07 
0.0048966878 -0.0030530541 -0.0037236053 0.0025246473 80.35983 -8.1436339e-07 
-0.0060114575 0.0011243659 -0.010282142 0.0040285062 -98.340054 -8.1436388e-07 
0.0016001076 -0.0032126502 -0.0043212745 -0.0020514895 78.267861 -8.1436309e-07 
-0.019178895 -0.00083665292 0.012453417 0.0009518032 56.663816 -8.143575e-07 
0.000650461 -0.00078881073 -0.018252103 0.00058916929 69.845742 -8.1435746e-07 
0.019515044 0.00048215146 0.0063332219 0.0032639339 -47.493996 -8.143613e-07 
0.0041569325 0.00032383621 0.001573012 -0.00521592 120.46056 -8.1436814e-07 
0.00028102244 -0.0026581209 -0.012566942 0.00094924243 -38.640541 -8.1436022e-07 
-0.026558851 -0.001002965 0.00052332699 0.00027422377 45.984513 -8.1435751e-07 
0.0042603141 -0.0018101191 -0.00082780906 -0.0045448827 -120.6174 -8.1436657e-07 
-0.0053174412 0.00099777829 -0.01761394 -0.00064909375 -39.042792 -8.1435775e-07 
-0.0051849966 0.003537865 -0.0025826339 4.623718e-05 -58.548942 -8.1436211e-07 
-0.011077351 -0.0029388927 -0.005729484 0.0016603377 107.04433 -8.1436156e-07 
-0.0066951569 -0.0031390478 -0.0057397505 0.0013180362 -26.629349 -8.143619e-07 
0.0054865362 0.001713736 -0.0038544683 -0.0044470673 -117.25762 -8.1436608e-07 
-0.00061319219 -0.0022395961 0.0022803652 0.0040336173 -30.878429 -8.1436571e-07 
-0.0038760826 0.00098481781 0.017894511 -0.00042665219 -86.320082 -8.1435757e-07 
0.0071415656 -0.0019890036 -0.0051687763 -0.0039471221 90.843889 -8.1436482e-07 
0.021932343 0.00023145252 -0.011397624 -0.00033506957 -52.97525 -8.1435719e-07 
-0.019796852 0.0013621564 0.0012140343 -0.0030789388 -48.245748 -8.143618e-07 
-0.0062446948 0.0026751098 -0.01205684 -0.00027692984 69.827627 -8.1435972e-07 
-0.02181203 0.0018853379 -0.0054811569 -0.00056631672 92.583859 -8.1435849e-07 
-0.017938383 -0.0011905103 0.0010795216 -0.0036140416 33.69202 -8.1436308e-07 
0.005731815 0.0027937331 -0.0069303042 -0.0025040081 65.647679 -8.1436273e-07 
0.0033224109 0.00047842613 0.018546595 -0.00012810825 31.600289 -8.14357e-07 
-0.0098669463 0.0016053427 -0.0061152573 0.0040276218 52.254915 -8.1436456e-07 
-0.023634176 0.0010103203 -0.0046841125 0.0018875731 85.125958 -8.1435891e-07 
-0.0025106295 0.0033184031 -0.0070035723 0.00040339184 90.290732 -8.1436149e-07 
0.022030993 0.0020342086 -0.00044964065 -0.0013276426 -15.817651 -8.1435922e-07 
-0.016665343 0.0015200833 0.0014034575 -0.0035772098 -36.080782 -8.1436324e-07 
-0.0063502468 -0.0010352474 -0.017125435 0.00099342615 -121.18259 -8.1435774e-07 
0.025233854 8.6148317e-05 -0.0078116371 -0.00013424112 -24.802386 -8.1435706e-07 
-0.011677628 0.0019438246 0.0095061363 0.0028837225 -11.755189 -8.1436168e-07 
-0.018317168 -0.00030907488 0.0041887063 0.0037618865 -59.408242 -8.1436288e-07 
0.0033954338 0.0019655065 0.014170923 -0.0017877864 39.981288 -8.1435998e-07 
0.0051968948 -0.0032074778 0.0055241074 0.0015532474 -81.817166 -8.1436213e-07 
0.0094319297 -0.00046132232 -0.017445211 -0.00058608125 118.36023 -8.1435709e-07 
0.0030785081 0.00068789973 -0.017141137 -0.0018610835 -78.244678 -8.1435854e-07 
-0.0041390968 -0.0027128593 -0.011367459 -0.0011964526 65.77154 -8.1436065e-07 
-0.0016236588 -0.0021787553 -0.014863632 -0.00046649228 -44.923772 -8.1435909e-07 
0.018550996 -0.0019473374 0.0097228722 -0.00027799293 105.41773 -8.1435852e-07 
-0.013845109 -0.0018225399 -0.0095112317 0.0025592665 112.47552 -8.1436108e-07 
0.017820977 -0.0027415904 -0.0017811355 0.00061754175 79.416213 -8.1436014e-07 
-0.015428321 -0.0024540091 0.0062101412 0.0019239089 28.077917 -8.1436089e-07 
0.0022637278 0.0011596839 0.014299029 0.0030339314 -26.482026 -8.1436133e-07 
-0.0064740101 0.0013237216 0.015647242 -0.0018184266 -35.724226 -8.1435923e-07 
0.020240323 0.00047289014 0.012469015 -0.00051175521 106.83237 -8.1435726e-07 
-0.012574181 -0.0026110856 -0.0057340967 0.0023314207 68.99336 -8.1436194e-07 
0.026067273 0.00056326672 0.0031580586 -0.001351021 -59.691766 -8.1435794e-07 
0.012459774 0.0026321224 -0.0016126616 0.0027097671 92.332308 -8.1436292e-07 
0.016538338 -0.0024357515 0.0063189739 -0.0014062063 84.841196 -8.1436008e-07 
0.0092564685 0.00307725 0.0061997469 -0.0014605101 70.068314 -8.1436153e-07 
-0.013990711 -0.0017947171 -0.0064582609 0.0032972896 37.077307 -8.1436258e-07 
7.0056317e-05 -0.001283586 -0.0057774613 0.0046614681 16.349158 -8.1436684e-07 
0.008125657 -0.0032517936 0.0027027865 -0.0013126058 -120.69713 -8.1436212e-07 
-0.0040191257 -0.0014618091 -0.014899707 -0.0023374617 -75.816143 -8.1436011e-07 
-0.023156452 2.8391971e-05 -0.0032396923 -0.0027714128 23.970565 -8.1436029e-07 
0.009182986 -0.0028595833 0.0030416071 -0.0026036694 77.753192 -8.14363e-07 
-0.0040273518 -0.00050360135 0.018402933 0.00022461131 42.291712 -8.1435712e-07 
-0.0028363353 8.8363802e-05 -0.0042487665 -0.0051404086 -10.788626 -8.1436775e-07 
-0.019265022 0.0013516071 0.003970647 -0.0029823412 21.924945 -8.1436158e-07 
-0.017669663 0.00070041415 -0.01343522 -0.0011711031 -72.950934 -8.1435784e-07 
0.01713859 0.002070753 -0.0095603679 0.00093646821 104.15104 -8.1435901e-07 
-0.0078844057 -7.3663848e-05 0.002260282 -0.0050899672 -76.192436 -8.1436735e-07 
-0.019872556 0.00039475223 0.0043122605 0.0034698657 -110.27607 -8.1436199e-07 
-0.020912446 0.00081572477 -0.00341732 0.0031425725 -57.46573 -8.1436124e-07 
-0.0076046461 5.3837259e-05 -0.0095034255 0.0043670632 52.348229 -8.1436482e-07 
0.0030851052 0.0022007307 0.0084584766 -0.0034252166 20.569438 -8.1436384e-07 
0.0055807878 0.0025119609 0.0017317784 -0.0036381472 -114.30739 -8.1436493e-07 
-0.0084058479 -0.001305328 0.015880443 -0.0014745205 -39.305902 -8.1435857e-07 
0.011349984 0.0007944263 -0.0055738881 0.0044044494 -121.59021 -8.1436544e-07 
-0.01733964 0.0017486093 -0.0072072877 0.0024597728 24.469321 -8.1436089e-07 
-0.016503121 -0.0013363043 -0.0037209053 -0.0036788747 37.312572 -8.1436303e-07 
0.017358151 0.002522475 -0.0065118287 -0.00016580486 -29.243348 -8.1435968e-07 
0.00012401945 -0.0025266705 -0.0010645664 -0.0036850161 69.736223 -8.1436537e-07 
0.015766997 -0.0026251015 -0.0074064149 0.00037075931 -39.91015 -8.1435971e-07 
0.021362224 0.0018926839 0.003158688 0.0016778919 63.877012 -8.1435968e-07 
-0.005269985 -0.0034367523 6.6156172e-05 0.0013386404 60.287849 -8.1436249e-07 
-0.014622768 -0.0027231716 0.0064830904 0.0011155703 -100.82288 -8.1436046e-07 
-0.020745388 0.0022525293 0.00068627508 -0.0010534061 -30.661028 -8.1435957e-07 
0.010633143 -0.0018387523 -0.00079361205 0.0040616771 -28.774321 -8.1436508e-07 
0.01630801 0.001395987 -0.007438967 -0.0031292974 -117.85358 -8.1436163e-07 
-0.0050476067 -0.0006724062 0.0038234973 0.0049639057 -86.753858 -8.1436753e-07 
-0.01490962 0.00032203501 -0.0015911869 -0.0044000353 -113.71504 -8.1436515e-07 
-0.004798806 -0.00044092883 -0.0097964594 -0.0044267728 -18.160118 -8.1436503e-07 
-0.0015991754 0.0025659094 -0.010396045 -0.0022983787 88.078911 -8.1436173e-07 
0.0046442297 -0.001513502 -0.0087808041 -0.0040246358 -23.823995 -8.1436446e-07 
0.0057977748 0.0014128275 -0.01056273 0.0037751823 56.951372 -8.1436344e-07 
0.0031280701 -0.0029984469 -0.0082280951 -0.0016442004 -93.062514 -8.1436166e-07 
0.0045279589 -0.0032401053 -0.004858788 0.0016121206 57.194666 -8.1436247e-07 
-0.00071825221 0.0031394264 0.0093828033 0.00015255487 9.7334806 -8.1436082e-07 
0.013290058 -0.0019677901 -0.0049733292 -0.0033381611 -67.927905 -8.1436307e-07 
-0.0059692806 -0.0010028203 -0.016995791 -0.0013143328 43.76793 -8.1435802e-07 
0.013973048 0.00078536291 -0.0081024275 -0.0038026733 78.520867 -8.1436313e-07 
-0.0075965613 0.00060283509 0.013874676 0.0031518999 28.714409 -8.1436133e-07 
0.011770299 0.0014461338 -0.011920536 0.0027227952 -121.11366 -8.143607e-07 
-0.0040664534 0.0027485194 0.0086308129 0.0023446884 61.627205 -8.1436227e-07 
0.0047141226 -0.0030992939 -0.00098958662 -0.0025811347 59.077492 -8.1436348e-07 
0.000715311 -0.0030275579 -0.0099059319 0.0003185048 -106.28132 -8.1436089e-07 
-0.015817922 -6.8186604e-05 -0.0077519297 0.003789405 24.373619 -8.1436284e-07 
-0.012676023 -0.0029037777 0.0034419928 -0.0016194505 -105.80713 -8.1436175e-07 
0.0085569841 0.00058044167 -0.016361203 0.0018217458 -19.647674 -8.1435853e-07 
-0.0046865575 0.0026414396 -0.0079914251 -0.0027462803 83.205297 -8.1436296e-07 
-0.0098654112 0.0018937544 0.011479958 0.0024825968 73.128749 -8.1436117e-07 
-0.0048918794 -0.0033840547 0.0049977699 -0.00049899489 -119.58094 -8.1436199e-07 
0.018592517 -0.00084800362 -0.0016983133 0.0037182465 106.77599 -8.1436286e-07 
0.0094957484 0.0015074152 -0.0012638114 0.004433703 -41.732753 -8.1436586e-07 
-0.014666521 -0.000923837 -0.011277011 -0.0029337684 -108.44315 -8.1436075e-07 
-0.022657106 0.00094031305 0.00070320322 0.0027673456 -94.008559 -8.1436038e-07 
-0.012193786 0.00021906681 -0.016006211 0.0015003883 -68.123125 -8.1435804e-07 
0.011503817 0.0026862653 -0.0041539336 -0.0024960391 27.646636 -8.1436258e-07 
-0.013257058 -0.00069236299 -0.0098532215 -0.0035495139 77.188418 -8.1436265e-07 
0.010887284 -0.00080895257 0.010300172 -0.0037777864 40.222272 -8.1436299e-07 
0.0025869807 0.0032115778 0.0082286725 -0.00076349465 112.83624 -8.1436132e-07 
-0.0019845517 0.00018483915 0.014928753 0.0032080767 -35.490387 -8.1436103e-07 
0.010993112 -0.00092091049 -0.013656753 0.0026552716 52.95417 -8.1436024e-07 
-0.0089194034 0.0030708502 0.005161587 0.0014901266 -59.614656 -8.1436187e-07 
-0.011797976 -0.00055229497 -0.014148598 -0.0025607914 -29.196891 -8.1435973e-07 
0.0011966387 -0.0035311841 0.0010411591 -0.00023866445 110.10141 -8.1436227e-07 
0.00095470319 0.0032146793 0.0068118094 0.0015203882 -123.4998 -8.1436199e-07 
0.020536268 0.0012732095 -0.0052056982 0.0025912248 -37.708953 -8.1436053e-07 
0.013678576 -0.0025519127 0.006762348 0.0017804025 -103.35065 -8.1436114e-07 
-0.019633026 0.0009368866 0.012250689 -0.00052024873 16.281266 -8.143573e-07 
0.019203986 0.00081286805 -0.012879828 -0.00025306875 77.902894 -8.1435717e-07 
0.0043031019 -0.00034365498 -0.016603377 -0.0023567801 85.981305 -8.1435912e-07 
0.0096921049 -0.0013383636 0.0014881994 0.0045605443 76.404623 -8.1436632e-07 
-0.013140629 -0.0029651678 0.0053514667 0.00056380213 -63.222452 -8.1436081e-07 
-0.023655504 -0.00021241693 -0.0096083707 -0.00051590241 -5.4960514 -8.1435707e-07 
0.010799036 -0.001318243 -0.015230047 -0.0013825823 39.264619 -8.1435838e-07 
0.018609899 0.002675791 -0.00043899757 -0.00018764598 -54.18859 -8.1435981e-07 
0.020690989 0.002033707 0.006832339 0.00013575447 96.362667 -8.1435876e-07 
-9.2788421e-05 0.0031516428 -0.001906597 -0.0024993634 83.665375 -8.143636e-07 
-0.022146712 0.0014204955 -0.0052869506 0.0018828391 -67.868967 -8.1435917e-07 
0.017349969 0.0025779712 0.0023062819 0.0014915595 -110.72 -8.1436061e-07 
-0.012816795 0.0002724142 0.0085551609 0.0040632959 -30.051932 -8.1436371e-07 
0.0072513573 0.0031194329 0.0058050626 -0.0014515621 12.084495 -8.1436204e-07 
-0.021016131 0.00062379513 -0.0065510682 0.0027641106 -93.392813 -8.1436031e-07 
-0.0087525894 -0.0022968327 0.004679957 -0.0034406838 -66.916485 -8.1436429e-07 
0.00068668358 0.0001599315 -0.016918156 -0.0022979718 31.759288 -8.1435904e-07 
-0.014254563 0.0012870093 -0.0070218565 -0.003630395 -18.491051 -8.1436307e-07 
-0.014166707 0.00095383384 0.012957574 -0.0023543826 32.131266 -8.1435953e-07 
0.00081086926 0.0011416283 -0.0078962544 -0.0045615488 -26.327143 -8.143657e-07 
-0.0098692471 -0.0030912036 -0.0057465786 0.0011412463 32.510915 -8.143613e-07 
0.0089526973 -0.0029466705 0.0081190787 0.0011097953 50.611689 -8.143611e-07 
-0.015154797 0.0028443074 -0.00036957981 0.0013212036 -66.912006 -8.1436098e-07 
0.0068727294 0.0029823711 -0.00065096945 0.0026397568 -51.048242 -8.1436337e-07 
-0.0082221139 0.0014922992 0.0062116516 0.0042115221 14.501599 -8.1436519e-07 
0.016487381 0.0021519709 0.0096039847 0.00047260445 -19.85403 -8.1435893e-07 
0.017661657 -0.0012378492 -0.0078988026 0.0027647112 -60.936302 -8.1436108e-07 
-0.00078489632 0.0020653542 -0.010963057 0.0031056286 66.591767 -8.1436256e-07 
-0.0028993691 -0.0035216048 0.003061157 0.0010671555 64.38906 -8.1436239e-07 
-0.0079707081 -0.00041351804 0.016713998 -0.0018123659 32.90037 -8.1435835e-07 
-0.013891315 -0.00034002821 -0.015638363 -0.0011721622 -31.618752 -8.1435757e-07 
-0.013309582 -0.0023057797 0.0038080792 0.0030705274 -4.2927661 -8.1436303e-07 
-0.0033148067 0.00096001967 -0.01762003 -0.0011353097 95.72506 -8.1435781e-07 
-0.0043172765 -0.0013568995 -0.0085339787 0.0041865115 84.77378 -8.1436503e-07 
-0.016917489 0.0027940843 -0.0027305183 -0.00012862065 -68.124927 -8.1436025e-07 
-0.017734503 6.10225e-05 -0.012085489 0.0022509338 74.770333 -8.143591e-07 
0.024280468 -7.0613848e-05 0.0082665034 -0.0010265366 105.17047 -8.1435752e-07 
-0.0049626094 0.0020833697 -0.0033984859 0.0040835649 -73.749615 -8.1436564e-07 
-0.011670464 0.00081246099 0.013541837 0.0026849665 99.466169 -8.1436009e-07 
0.013644887 0.0016918089 0.0059928479 0.0034574502 14.726034 -8.1436333e-07 
-0.0050918009 -0.0012115786 -0.016237655 -0.0017976714 -59.849843 -8.1435878e-07 
0.022381654 0.0017436755 0.0050479629 0.0012081811 102.03471 -8.1435887e-07 
-0.016221498 -0.0027128162 0.0051657925 -0.00050543117 25.85709 -8.1436032e-07 
-0.017373734 0.0018934304 -0.0030857095 0.0029982802 84.587141 -8.1436201e-07 
0.0050909801 -0.0032368334 -0.0072544865 -0.00048875742 60.988111 -8.1436124e-07 
-0.0049315776 -0.00050202838 0.0072620046 -0.0047467467 -7.0734247 -8.1436617e-07 
0.010428308 -0.00096117407 -0.016700015 -0.000399284 -98.333034 -8.1435747e-07 
0.0027006357 -0.00010411785 0.0054523166 0.0050194958 99.749255 -8.1436748e-07 
0.012310323 -0.00087639543 -0.0056282425 0.0043047434 63.602348 -8.1436473e-07 
0.0090585422 -5.1512964e-05 0.0032796105 -0.0049379043 -114.46388 -8.1436695e-07 
0.011519375 0.001230629 0.0046414728 -0.0043215349 -22.393521 -8.1436529e-07 
-0.018569868 -0.0021122641 0.0078818442 0.00090202479 96.705801 -8.1435927e-07 
-0.015340997 0.0026263269 0.0047090655 -0.0015985987 -57.40004 -8.1436097e-07 
0.0020397614 -0.0026600902 0.0050165213 0.0031791423 46.15879 -8.1436423e-07 
-0.0012423219 0.0017132738 0.013212762 0.0028725135 -73.347134 -8.1436137e-07 
-0.013822534 -0.0018379666 0.00073735646 -0.0037399655 38.082987 -8.1436414e-07 
-0.017267767 -0.00093815779 0.012172202 0.0018529749 94.532102 -8.1435875e-07 
-0.0033485712 -0.0034791324 -0.0010148061 -0.0011502411 69.930343 -8.1436247e-07 
-0.023882072 -0.00019724804 0.0092751435 -0.00060170612 11.664951 -8.1435702e-07 
0.0014974836 -2.5329023e-05 0.015569591 0.002977804 31.034878 -8.1436049e-07 
0.01754382 -0.0017705506 0.01097045 0.00072214105 115.86898 -8.1435842e-07 
-0.0028655646 -0.0017429777 0.01638743 3.6021854e-05 -58.818139 -8.1435817e-07 
0.00014503586 0.00065359079 0.010086199 -0.0043911166 -38.52191 -8.1436482e-07 
0.0078688463 -0.0025082212 -0.0028163383 -0.0034276923 17.398322 -8.143643e-07 
0.027198158 0.00012863311 -0.0016207975 0.00096690606 28.894883 -8.1435747e-07 
-0.013657918 0.0018438733 -0.00059901129 0.0037471204 106.75473 -8.1436425e-07 
0.019365204 0.0011949349 0.011802755 0.00049803461 106.27924 -8.1435763e-07 
-0.024859699 -0.0011269248 -0.00093879595 0.001657718 -12.87201 -8.1435876e-07 
-0.01488615 -0.00023839317 -0.010776728 0.0032762275 71.683144 -8.1436145e-07 
0.015167152 0.00096909864 0.0037267265 -0.0040412592 83.635648 -8.1436413e-07 
0.0044817802 4.033377e-05 -0.013612696 0.0035996725 30.501859 -8.1436226e-07 
-0.011574262 0.0011498058 -0.013606138 0.002373809 -83.548638 -8.1435988e-07 
-0.010104094 -0.00068927463 -0.0041294868 -0.0047592192 -40.168834 -8.143663e-07 
-0.016156004 -0.0022814842 -0.0066045062 -0.0019597882 -9.4883775 -8.1436082e-07 
-0.022603518 0.0016392227 0.00058357627 0.0019584249 -38.838968 -8.143596e-07 
-0.020110012 -9.7625453e-05 0.010080051 -0.0022804063 -18.696273 -8.1435909e-07 
-0.0026820428 0.00068582973 -0.011209858 0.0041387286 -105.88459 -8.1436428e-07 
0.0043753801 0.0013598409 0.016948602 0.00058773347 -73.31502 -8.1435808e-07 
0.0059039211 0.0018996443 0.012935276 0.0024208612 -100.61163 -8.1436076e-07 
-0.0093306901 0.00068478891 -0.012326346 -0.0034174766 19.323193 -8.1436188e-07 
-0.020923731 -0.0011208108 0.0099143079 0.0012453307 90.066423 -8.1435815e-07 
0.019872763 -0.0011692052 0.011166535 0.0010360527 3.2283635 -8.1435789e-07 
-0.0078142486 -0.0013831576 -0.015943703 -0.0012250113 16.767081 -8.143584e-07 
-0.00083903209 0.0021553099 -0.0045466088 -0.0039728683 -43.434324 -8.1436544e-07 
-0.0031259714 0.0020073906 -0.0068306296 -0.0038859466 32.26377 -8.1436478e-07 
0.023886011 0.00098574446 0.0059708641 0.0015671293 -32.580287 -8.1435843e-07 
0.0079617155 -0.0028827205 0.010262959 0.00016231471 49.74688 -8.1436032e-07 
0.0075709824 0.0010823094 -0.016738121 -0.0011588192 40.779913 -8.1435808e-07 
0.0044104671 0.0015711282 -0.014024007 0.0025215217 -7.128886 -8.1436051e-07 
-0.019533264 0.0024967889 -0.001013798 -0.00028860356 -19.622704 -8.143596e-07 
-0.00023161009 0.0010632467 -0.015212093 -0.0027121453 -58.500911 -8.1436038e-07 
-0.012911145 0.001413487 0.009236676 -0.0033477523 20.682439 -8.1436241e-07 
-0.01404327 0.002479166 0.0030556426 0.0025867488 50.331172 -8.1436217e-07 
-0.010488552 0.0016991615 -0.012477489 0.002353262 -1.5453154 -8.1436043e-07 
-0.014251773 0.0022471053 0.0065943626 -0.0024921007 -34.548426 -8.1436177e-07 
0.022465259 -0.00070635616 0.003823512 -0.0027627816 118.27261 -8.1436035e-07 
-0.017818442 -0.0022687227 0.0081472407 -0.00046694182 95.100712 -8.1435913e-07 
-0.0010010102 -0.0030082287 -0.0083503627 0.0016387876 54.875767 -8.1436181e-07 
0.0039873119 0.0024853204 -0.0059012949 -0.0033508049 -105.97623 -8.1436401e-07 
-0.010531636 -0.0030382969 0.0071902137 -0.00030527563 -37.412396 -8.1436069e-07 
-0.0074405665 0.00089190923 0.017269167 -0.00087240292 110.66559 -8.1435769e-07 
-0.02607003 9.8617617e-05 0.0028407934 0.0016116646 117.28974 -8.1435793e-07 
0.0025818957 -0.002079023 0.014592524 0.0013271688 109.2017 -8.1435961e-07 
-0.019808553 -0.00082884714 -0.012460019 -0.0001788934 58.017396 -8.1435735e-07 
0.020416413 -0.00066613648 0.0084549156 0.002508371 -68.724309 -8.1435968e-07 
-0.018951436 -0.00045630359 -0.012120919 0.0017522468 -94.353886 -8.1435836e-07 
0.011620308 -0.00096391091 0.0095922318 -0.0037702412 17.352866 -8.1436294e-07 
0.018379941 0.0016829206 0.0084878404 0.0020345222 -18.500235 -8.1435975e-07 
0.0039445521 0.0023962171 -0.00016802111 0.0039208419 -3.3600111 -8.143655e-07 
-0.015265252 -0.00058149798 -0.0092064166 -0.003543584 -35.050282 -8.1436206e-07 
-0.018392936 0.0014591316 -0.0042409471 -0.0031644558 -76.358568 -8.1436183e-07 
-0.0028580521 -0.00076941682 0.0091762507 0.0044401126 88.915343 -8.1436539e-07 
0.0076862978 0.0031534788 -0.0071462723 0.00022444093 -105.53849 -8.1436121e-07 
0.0042762447 -0.00047707246 -0.013612096 -0.0034357832 0.095687131 -8.1436192e-07 
0.011989249 0.0026995012 0.0010025588 -0.0026084131 -64.596933 -8.1436277e-07 
0.0042043295 -0.003488105 -2.9481312e-05 -0.00084557316 -37.237483 -8.1436216e-07 
-0.022307597 -0.001838445 -0.0055368281 0.00022666609 92.252347 -8.1435843e-07 
-0.0016491619 0.0028025358 0.011657924 -0.00039015541 -31.53553 -8.1436042e-07 
0.024736224 0.0016285464 -0.0017645376 -0.00022359845 88.160029 -8.1435789e-07 
-0.013952783 0.0028384569 -0.0010244717 -0.0019276735 111.11254 -8.1436161e-07 
-0.0071587804 0.0011707641 0.0054108009 -0.0045998846 -11.171355 -8.1436594e-07 
-0.014383569 -0.0030303768 0.0012040218 -0.00055208973 120.99683 -8.1436105e-07 
-0.00035989158 0.0016174533 0.0086548457 -0.0040839502 5.3961161 -8.1436486e-07 
0.01822852 0.0010388062 0.004320149 -0.0034277698 -53.435545 -8.143624e-07 
0.0058343802 0.0032850731 0.00014678255 0.0019461553 -103.39438 -8.1436293e-07 
0.017658404 0.0014975592 -0.0016449785 0.0033654963 115.74885 -8.1436259e-07 
0.023829712 -2.8570285e-05 0.0034794295 0.0025351048 21.5317 -8.143596e-07 
-0.0013066369 -0.0013350034 -0.015230537 -0.0024081443 -51.03989 -8.1436e-07 
-0.0054609055 0.0016106934 0.01432018 0.0021779336 77.652561 -8.1436016e-07 
-0.023440797 0.0014900703 0.005469172 -0.00081210148 80.726886 -8.1435821e-07 
0.011715895 -0.0013922879 0.0099605572 0.003358491 75.378716 -8.1436222e-07 
-0.017104641 0.00015252666 -0.0088737261 -0.0033650151 -90.300829 -8.143617e-07 
-0.0090073556 -0.0031593597 -0.004917815 0.0012299208 10.387796 -8.1436163e-07 
0.001238927 0.00034083657 -0.017695716 -0.0017596897 -61.757348 -8.1435832e-07 
0.013956105 -0.0025555233 -0.0027259476 -0.0025202592 118.87567 -8.1436236e-07 
0.0044608906 0.0022944787 -0.012218181 -0.001865867 95.014126 -8.1436071e-07 
0.023706994 -0.0018270591 -0.0017444228 0.00030941378 -109.24628 -8.1435852e-07 
-0.009626764 0.0012503466 -0.012452022 -0.0029443567 -3.4518157 -8.143612e-07 
0.0061022958 0.0029179473 -0.0082817974 0.0016372396 -24.737412 -8.1436152e-07 
0.0018429806 -0.0012948303 0.015592901 0.0021855655 -6.2747418 -8.143598e-07 
-0.019483688 -0.0016243581 0.0068081483 -0.002233392 -96.128176 -8.1436017e-07 
-0.0094800369 0.0025988054 0.0030757811 -0.00299459 13.790783 -8.1436348e-07 
-0.00063622098 -0.0029000661 0.010473504 -0.0010792041 13.176128 -8.1436099e-07 
-0.015894759 0.0025313968 0.0074688732 -0.00047129565 -28.444318 -8.1435969e-07 
0.018187213 -0.00058690834 0.0057546855 0.0035520619 1.6176163 -8.1436245e-07 
-0.018724112 0.000808331 -0.01014399 -0.0023635358 30.20809 -8.1435973e-07 
0.0032548249 -0.002550132 0.01089588 0.0019811559 12.824457 -8.1436123e-07 
0.006794005 -0.0029102527 -0.0041052711 0.0025307452 13.926312 -8.1436304e-07 
-0.012584364 0.00071048318 0.012896474 -0.0028952766 -99.08431 -8.1436052e-07 
0.0080699871 0.00045027572 0.014678741 -0.0028793049 -42.156949 -8.1436051e-07 
0.0038952323 0.0029756185 -0.010098985 0.00036363228 73.202325 -8.1436068e-07 
0.017854534 -0.0020629586 -0.0094105346 0.00066314554 -90.369121 -8.1435891e-07 
0.013799305 0.0030212288 0.0035950406 -0.00080179487 106.27469 -8.1436097e-07 
0.0006204202 0.00082751978 -0.018167573 -0.00058754771 -105.58106 -8.143575e-07 
-0.014670387 -0.0022793106 -0.0064734777 0.0024732958 -10.853965 -8.1436142e-07 
-0.011737841 -0.002379404 0.010955978 0.0011078649 -42.209079 -8.143597e-07 
-0.014837233 -0.0021300839 0.0044610177 -0.0029687975 -65.997655 -8.1436233e-07 
-0.0029040877 -0.00022570415 -0.0020181886 -0.0052418908 -48.865687 -8.1436805e-07 
-0.0056474298 0.0034035663 -0.0058475453 -0.00012519118 -96.891536 -8.1436166e-07 
-0.00041482855 -0.00060639376 0.0066133466 0.0048941754 -78.549197 -8.1436685e-07 
0.010486377 0.0031730597 -0.0009276362 0.0015552054 7.8604246 -8.1436192e-07 
0.011750964 0.00036043344 0.015116141 -0.002196265 90.37807 -8.1435901e-07 
0.0041427259 0.0029716324 0.010363884 -0.00012280547 -62.345959 -8.1436047e-07 
-0.015248431 -0.0020806161 -0.0089162525 0.0019748419 -17.46731 -8.1436031e-07 
-0.010498681 -0.0008133465 0.0040193753 0.00460096 45.199773 -8.1436605e-07 
-0.0011477092 -0.0034153938 0.0055363613 0.00057491027 -46.475599 -8.143619e-07 
-0.015324222 0.0027669002 0.0053438474 -0.00023331466 85.873771 -8.1436011e-07 
0.0075356125 0.00026240417 -0.00054691208 -0.0050579898 -59.048441 -8.1436764e-07 
-0.0024062151 -0.00024978806 0.0044151039 0.0051328046 115.09528 -8.1436759e-07 
0.0047946558 -0.0013501488 -0.006633897 0.0044736078 -73.75217 -8.143659e-07 
-0.02421166 0.0011863259 -0.0065460308 -0.00041238986 114.20021 -8.1435767e-07 
0.0043180422 0.0010518697 0.014015226 -0.003084431 -78.429797 -8.1436145e-07 
-0.014748228 -0.0011825404 0.0054058431 -0.003910776 -104.87907 -8.1436359e-07 
0.0070859105 0.0014647559 -0.013107126 -0.0028520466 -18.241827 -8.1436124e-07 
-0.0016224402 0.0011069928 -0.017690318 0.00075520615 -56.137539 -8.1435762e-07 
0.018948209 0.0014602594 0.0072528936 0.0025049131 71.79423 -8.1436052e-07 
0.0077609922 -0.00018199356 0.0055014387 -0.004822417 -50.675267 -8.1436666e-07 
-0.00030173956 0.0014466018 0.011633519 0.0035260476 -0.36443128 -8.1436314e-07 
-0.0083884846 -0.00092107195 0.0093090959 0.0040863382 32.341232 -8.143641e-07 
0.02271063 -0.0011234536 -0.0090141764 -0.00058868045 21.087057 -8.1435758e-07 
0.022013992 -0.001999612 -0.0045368578 -0.00041207012 -14.436205 -8.1435859e-07 
0.016970435 0.00076690122 0.014157344 0.00075313758 94.585469 -8.1435743e-07 
-0.011505621 0.0020165898 -0.0037347229 0.0037301124 33.703755 -8.1436427e-07 
-0.019798096 0.0022255737 0.0034126148 -0.0014603064 86.404917 -8.1435985e-07 
0.00037004063 -0.00137222 -0.0063687388 0.0045341337 -112.04075 -8.1436639e-07 
-0.0046745631 -0.0019788624 0.002164096 -0.0042712982 -44.326381 -8.1436625e-07 
-0.011085931 -0.00022000503 0.0010178858 -0.0048604708 -78.421158 -8.1436664e-07 
0.0052442539 -0.0031350306 -0.00067952713 -0.0026397695 -37.088155 -8.1436362e-07 
-0.0037975115 -0.0029552204 -0.01045414 -0.00059279153 -54.168668 -8.1436081e-07 
-0.020282779 0.0018711079 0.007339443 -0.0011694279 -93.318884 -8.1435883e-07 
-0.01409124 0.0026311331 -0.0076794293 0.0012291715 -105.54814 -8.1436042e-07 
-0.015710899 -0.0015414921 -0.001617736 -0.0037271936 -60.665294 -8.143636e-07 
-0.011936133 0.0017682531 0.0043874088 0.0038166721 -82.965696 -8.1436439e-07 
0.0074607643 0.0029252949 -0.0099333256 -0.00044717863 -5.1406621 -8.1436035e-07 
-0.0077934208 0.0013428627 0.013866057 -0.0025134966 0.71976394 -8.143606e-07 
-0.0058676686 -0.0029826789 -0.0064508238 0.0021311455 89.638171 -8.1436257e-07 
0.011870356 0.0025289528 0.0089402648 0.0016962598 3.3715105 -8.143608e-07 
0.010765162 -0.0025759095 0.0046292231 -0.0028427166 66.724982 -8.143628e-07 
-0.015774138 0.0012839385 -0.013894128 0.00013751496 46.466028 -8.1435774e-07 
-0.014722222 -0.0018559234 0.0077650368 0.0028109614 -7.0603018 -8.1436156e-07 
0.010069809 0.0014438885 0.010667368 0.0032195759 -110.86964 -8.1436237e-07 
-0.015818703 0.00034430867 -0.0084696195 -0.0036012096 96.815066 -8.1436225e-07 
0.00084070852 -0.0021659692 0.009992939 -0.0032070335 -28.044293 -8.1436317e-07 
0.020404442 -0.001356379 -0.0021869739 -0.0028670212 -78.415399 -8.1436109e-07 
-0.0039775924 0.001380963 -0.0050188756 -0.0045670232 -0.78270081 -8.1436632e-07 
-0.0078377905 -0.001402337 0.0064993906 0.0043178062 25.401895 -8.143652e-07 
0.014022373 0.0020167187 0.010235988 -0.0020187215 2.4504374 -8.143603e-07 
-0.02053927 9.5588926e-05 0.0065027359 -0.0030684661 42.740983 -8.1436079e-07 
-0.010917485 0.0017409505 0.014020572 -0.0013410732 14.412874 -8.1435882e-07 
0.0085438788 -0.00038704201 -0.0096346838 0.004183269 59.968128 -8.1436422e-07 
0.0052647074 -0.0017211899 -0.014265087 -0.0022223916 25.263396 -8.1436009e-07 
0.00619477 -0.0012647865 -0.017006503 -0.00062166256 -104.72525 -8.1435792e-07 
0.012818891 0.0022355938 0.011171903 0.001059138 -116.01334 -8.143595e-07 
0.01635812 -0.0020047995 -0.010360406 0.0010481196 36.761703 -8.1435913e-07 
-0.019638636 -0.0023345655 -0.0022269303 -0.0013390166 0.97432816 -8.1436004e-07 
-0.018263968 0.00047542176 0.01380789 0.00047793494 53.984656 -8.1435731e-07 
-0.00068889433 0.0023074082 -0.0076569903 -0.0033871301 99.272332 -8.1436406e-07 
-0.0085961543 -0.0032967208 -0.0007133319 -0.001320734 -34.689115 -8.1436202e-07 
0.014627749 0.00042647872 -0.007552408 -0.0039010126 82.004547 -8.1436335e-07 
0.0071553147 0.00039851683 0.017682348 -0.0010882063 120.95723 -8.1435752e-07 
-0.017380067 -0.0016543355 0.011744022 0.00021841027 -36.597417 -8.143582e-07 
0.0012757702 0.00063718245 0.017196404 -0.0019770508 -111.54075 -8.1435879e-07 
-0.0010090051 0.00038983539 -0.018390114 -0.00097932583 24.391917 -8.1435728e-07 
0.021736711 -0.00076440952 -0.0066124472 0.0024703887 -91.318187 -8.1435983e-07 
0.017497698 -0.00020185899 -0.014335057 0.00074130897 82.004199 -8.1435723e-07 
-0.020463997 -0.00085649193 0.0076960991 -0.0025751788 -59.199315 -8.1435991e-07 
-0.015583097 0.0017189732 -0.012585192 0.00032192619 52.845875 -8.1435825e-07 
-0.012218645 0.0027361548 -0.0050306825 -0.0021649317 -110.91442 -8.14362e-07 
-0.023392242 -0.0017467972 -0.0024726674 -0.00093121488 -88.74698 -8.1435877e-07 
0.0175663 0.00044496313 0.013369132 -0.0015156454 -69.045621 -8.1435803e-07 
0.017518987 0.002716553 0.002087572 -0.00045390611 29.482419 -8.1436011e-07 
-0.022206814 -0.002126166 0.00053465416 -6.5081869e-05 -85.991458 -8.1435896e-07 
-0.012665076 -0.0018586726 0.0049916262 -0.0036140856 -6.8710605 -8.1436358e-07 
0.025576348 -0.00072963858 0.0003806917 -0.0017239112 -79.200139 -8.1435838e-07 
-0.00037061043 0.0032362022 0.0085742592 0.0002418148 73.359104 -8.1436104e-07 
-0.0030261826 -0.00048779171 -0.011065111 -0.0041501685 -97.681546 -8.1436416e-07 
0.017181672 -0.0018987964 0.0045433423 0.002859482 1.950934 -8.1436176e-07 
-0.02133932 0.0014859855 -0.0043100041 -0.0023674476 50.791943 -8.1436028e-07 
-0.022396001 0.00075835688 0.0070773553 -0.0022170623 -35.189948 -8.1435901e-07 
0.008090916 0.0028904748 0.0048807268 0.0024368154 48.385941 -8.1436277e-07 
0.00039963378 0.0035293652 3.4469343e-05 0.0012000658 -22.287976 -8.1436245e-07 
0.014473296 0.0016000271 -0.0075647083 0.0032246083 122.23576 -8.1436224e-07 
-0.018351182 0.00045460954 0.013563332 -0.00090232356 22.900951 -8.1435751e-07 
0.0066680666 0.00084159913 -0.014623622 0.002789703 33.599411 -8.1436069e-07 
-0.0032612818 0.0033661979 0.0058543993 0.00057811826 121.0143 -8.1436189e-07 
0.018260379 0.0026313455 -0.0013442957 0.0010510514 -68.998234 -8.1436018e-07 
0.018247977 0.0018414636 0.00095258159 0.0029018944 8.8040419 -8.1436183e-07 
-0.00072373091 -0.002656181 0.0090361353 0.0025375374 -36.0399 -8.1436236e-07 
0.0035322746 -0.0022383035 -0.013391368 -0.0016453497 37.443928 -8.1436002e-07 
0.01497546 -0.0030090613 -0.0021706155 -8.1725032e-05 74.920731 -8.1436067e-07 
-0.0090550251 0.0027496581 -0.0015337398 -0.0029494328 8.2131354 -8.1436369e-07 
0.01656807 0.00205758 0.0074253585 -0.0020358991 85.037057 -8.1436035e-07 
-0.0048423898 0.00037324161 0.014582701 -0.0031867704 18.026101 -8.1436135e-07 
-0.018172999 -0.002400998 0.0060276722 -0.00084329721 57.978719 -8.1435967e-07 
-0.0020199485 0.001565161 -0.016778352 0.00041713152 76.238603 -8.1435818e-07 
-0.01977413 0.0012990561 0.0058084046 0.0027735055 -16.437883 -8.1436086e-07 
0.0094345218 0.0022010922 -0.0025525562 -0.0037420855 40.560108 -8.1436463e-07 
-0.0068133258 -0.0034421662 0.0029175863 0.0003907255 94.672121 -8.1436194e-07 
-0.014764627 0.00045970674 -0.0093871302 0.003585479 -122.65763 -8.1436227e-07 
0.013580177 0.0029156524 -0.0056138905 0.0009336385 33.424969 -8.1436078e-07 
0.021694415 -0.00072628446 -0.011039112 -0.00016602474 50.634293 -8.1435725e-07 
0.014676479 5.6845509e-05 -0.014650924 -0.0017849464 -41.797384 -8.1435833e-07 
-0.005257918 -0.0011590095 0.0030311317 -0.0048725764 66.232955 -8.14367e-07 
-0.016596673 -0.0015232658 0.0098347906 0.0023703871 103.74809 -8.1436014e-07 
0.0015031266 0.001396935 0.011840822 -0.0036101594 -37.598958 -8.1436289e-07 
0.024294017 -0.0015918277 0.00017178659 -0.0009694617 45.792242 -8.1435841e-07 
0.021543107 0.001544528 -0.0065566983 -0.0015640577 -46.279611 -8.1435883e-07 
0.012863584 -0.00039863611 0.006622759 -0.0042916669 15.361759 -8.1436438e-07 
-0.018325942 0.00070631915 0.0087845893 -0.0029570065 -70.328166 -8.1436085e-07 
0.019265095 0.0023680587 0.0017571267 0.0013944457 -36.001682 -8.1436016e-07 
-0.0062102303 0.00080971683 0.017460667 -0.00097689516 112.73132 -8.1435764e-07 
0.0069822859 -0.001642986 0.00091933394 0.0044748649 -10.160903 -8.1436646e-07 
0.00036464779 -0.0023589392 -0.0070553084 0.0034497362 123.49219 -8.1436412e-07 
-0.014211486 0.0012694893 -0.0022248444 0.0040740544 92.508481 -8.1436449e-07 
-0.00047955868 -0.0022703827 0.014254192 -0.00092736442 54.083899 -8.1435935e-07 
-0.01990969 0.0016569642 -0.0040670069 0.0025599134 96.61101 -8.1436066e-07 
-0.014767998 0.0013380882 0.0067999707 0.0035694352 -16.04329 -8.1436285e-07 
-0.018017327 0.00041539266 -0.00179103 -0.0039573351 -58.704333 -8.143634e-07 
0.016653853 -0.0005057675 -0.011783278 -0.0025114833 86.022899 -8.1435973e-07 
0.010350207 -0.0015530183 -0.00042277072 0.0043264104 -24.638752 -8.1436568e-07 
-0.022048762 0.00072884154 -0.0053798273 -0.0026408094 -20.695967 -8.1436018e-07 
0.0019539472 -0.0027839377 0.00066465934 0.0032079419 -52.466849 -8.1436468e-07 
-0.026364351 0.00083939125 -0.0035862439 -0.00026168103 -25.445386 -8.1435724e-07 
-0.018625359 -0.0020054716 -0.0075983237 -0.001530108 16.661333 -8.1435971e-07 
-0.0022273873 0.00287886 0.0030070606 -0.0030766732 -106.98812 -8.1436409e-07 
-0.0015892057 0.0023950333 0.014237996 0.00019019003 65.869508 -8.1435938e-07 
-0.022529028 0.0020141528 0.002707569 -0.00046485131 81.301933 -8.1435879e-07 
-0.014388909 -0.0019139542 -0.0032951183 0.0034017917 75.005628 -8.1436343e-07 
0.014616406 0.00034965262 -0.014863164 -0.0016432862 72.012036 -8.1435811e-07 
-0.008333658 0.0033239787 0.00017704053 0.0011463195 107.10362 -8.143621e-07 
-0.002268029 -0.00096325177 0.01222494 0.0037396957 -0.96073347 -8.1436325e-07 
0.0054303957 -0.0015986081 0.00072739437 -0.0046486204 -67.273697 -8.1436693e-07 
-0.013926006 0.0014398281 -0.0030938982 0.0039752735 -45.65468 -8.1436419e-07 
-0.01204611 0.0017575634 0.0054255248 -0.0037572568 54.539677 -8.143639e-07 
0.013762139 0.001926672 0.0025554097 -0.0035261487 -57.492376 -8.1436376e-07 
0.00024714354 0.0019276359 0.014247844 -0.0018740606 -25.291665 -8.1436015e-07 
0.026541698 0.00048301304 0.0042163154 -0.00072073224 68.816659 -8.1435721e-07 
0.022495519 -0.00064070787 0.0011002455 -0.0029255143 -113.1778 -8.143608e-07 
-0.00074363317 0.00018900222 -0.0051976648 0.0050811718 -107.65044 -8.1436765e-07 
-0.017810692 2.2048482e-05 -0.0088459492 0.0032331081 -78.735482 -8.1436118e-07 
0.0095108216 0.0012609525 -0.01262783 0.0029536777 69.13 -8.1436128e-07 
-0.017863935 0.0024902409 0.004532572 -0.0012309307 -80.908979 -8.1436006e-07 
0.017612574 0.00014087251 0.0089467917 -0.0032627157 -15.995794 -8.1436114e-07 
0.016252531 0.00016488272 0.0043595324 0.0040856378 21.17046 -8.1436402e-07 
0.018829147 -9.77994e-06 0.0069143737 -0.003363041 -15.416624 -8.1436181e-07 
-0.025745998 0.0011429807 0.00045035215 0.0010265271 -123.14373 -8.1435793e-07 
-0.0024333896 -0.0029792104 0.0032866363 0.0028241891 -97.877764 -8.1436382e-07 
-0.0034797458 0.00080920043 -0.012564204 0.0036743967 -9.6204248 -8.1436291e-07 
-0.0090430781 -0.0030699165 0.0079678957 0.00043867928 -2.3561202 -8.1436074e-07 
-0.013400008 -0.00020629685 0.0081367012 -0.0040171902 -28.766609 -8.1436374e-07 
-0.0082010527 0.0026665343 -0.0092518135 0.0017945018 13.460891 -8.1436111e-07 
-0.023730392 0.0013643532 -0.0064072251 -0.00053514359 -5.7419037 -8.1435778e-07 
-0.023468518 0.0014980357 -0.0052951791 -0.00091692115 -48.797339 -8.1435838e-07 
0.021971394 0.002044595 0.0042920639 0.00041910472 -19.74185 -8.1435879e-07 
-0.016451943 -0.0022762772 -0.0013287372 -0.0026668536 17.298989 -8.1436201e-07 
0.012544714 0.001402226 0.0015481081 0.0042110623 62.460071 -8.14365e-07 
-0.0060246819 0.0035853616 -6.8781525e-05 3.5679854e-05 115.66993 -8.1436213e-07 
0.0021790718 -0.003356563 -0.0026209284 0.0020883733 71.161629 -8.1436325e-07 
0.0089305304 -0.0033119484 -0.00301432 0.00061938147 70.891901 -8.1436173e-07 
0.0072219316 0.0024550413 0.0082149877 -0.0027128715 89.08235 -8.1436254e-07 
-0.0048988254 -0.0022811699 -0.0098896687 -0.002848354 -42.810027 -8.1436262e-07 
0.021178808 -0.001009181 -0.010588462 -0.00061853897 -110.87481 -8.143575e-07 
0.0016355146 0.0025915438 -0.0125373 0.00066643658 -46.753453 -8.1436011e-07 
0.021125303 -0.0019864579 0.0020328572 -0.0016021191 -13.420413 -8.143597e-07 
0.024717291 0.00085177004 -0.005538755 -0.0013501493 -98.30388 -8.1435787e-07 
-0.00048421155 -0.0034194283 0.0022212372 -0.0015160377 121.07556 -8.1436259e-07 
-0.015043244 -0.0025203245 -0.008289856 -0.00057460425 -67.343556 -8.1435975e-07 
0.011083536 0.0018470915 -0.014214107 0.00032330881 -71.040718 -8.1435837e-07 
0.007216286 0.0023271698 -0.010570411 -0.0023581264 98.1658 -8.1436147e-07 
-0.0015659907 -0.0014338744 0.014098986 -0.0027584461 91.479746 -8.1436113e-07 
0.001769846 0.00067903685 -0.009420502 -0.004536317 -81.923363 -8.1436548e-07 
0.017626282 -0.0020491431 -0.0073122406 0.0019122947 27.056731 -8.1436007e-07 
0.021087346 0.00039426975 -0.0076446397 0.0026065213 -54.284568 -8.1435974e-07 
0.0031807911 -0.003106778 0.004246265 -0.0023653173 75.100057 -8.143632e-07 
-0.012882005 0.0005038957 0.011095589 0.0034844899 100.97874 -8.143619e-07 
-0.0040007052 0.00056334592 0.0096716205 0.0043869491 50.930027 -8.1436514e-07 
0.014923411 0.0021818882 -0.0077045476 0.0023453209 85.815577 -8.143611e-07 
0.01054899 -0.0016416184 -0.011631401 0.0028351522 -117.69086 -8.1436104e-07 
-0.023007415 -0.0018811477 -0.00056558681 0.0010961731 94.325966 -8.143589e-07 
-0.015950361 0.00015849189 -0.0041301739 -0.0041776673 121.93509 -8.1436397e-07 
0.0022927258 0.0029569411 0.0012542963 0.0028845456 -49.654187 -8.1436391e-07 
0.013967005 -0.0017059129 0.00082408217 -0.0038403079 -70.635061 -8.14364e-07 
-0.0014301696 0.00099293789 -0.0022157931 0.0050218055 72.908031 -8.1436796e-07 
0.013862464 0.001096836 0.011078326 0.0029893995 -75.759351 -8.1436103e-07 
0.0067301514 -0.0028072047 0.0097184581 -0.0011460214 -13.0702 -8.1436098e-07 
-0.0085137904 0.00040088047 0.015944991 0.0022394854 86.605728 -8.1435897e-07 
0.020545881 -0.001243865 0.0099076937 -0.0012148401 -87.683755 -8.143582e-07 
-0.0041949947 0.0028562684 0.010191805 -0.0013587972 -109.57675 -8.14361e-07 
-0.018840806 -0.0019380437 0.0057997092 0.0020956008 -31.649755 -8.1436045e-07 
-0.00097361891 -0.0015536739 0.016017552 -0.0015986275 -17.59493 -8.1435891e-07 
-0.019146679 -0.0020660894 -0.0060638347 -0.0016503467 76.318508 -8.1435986e-07 
-0.00089812451 -0.0030164164 0.009829882 0.00020408386 -70.617746 -8.1436093e-07 
-0.0082421479 0.0024682347 -0.012377341 -0.00067656997 -27.076069 -8.1435957e-07 
-0.0020636852 0.0017913347 0.015284204 0.0015991216 90.806859 -8.1435923e-07 
0.0068617202 0.0016687488 0.015617337 -0.00096287179 21.754223 -8.1435861e-07 
0.0040183571 0.00013576756 -0.0064551021 -0.0049068885 108.49483 -8.1436672e-07 
0.020825534 0.0003947389 0.009164985 0.002347781 -76.003308 -8.1435931e-07 
-0.00081608451 -0.0034646202 -0.0022883134 -0.001399431 68.840279 -8.1436268e-07 
-0.011417327 0.0022694321 -0.0072258948 -0.0028402536 70.469399 -8.1436251e-07 
0.0040041081 -0.00014570017 0.013624167 -0.0035920205 123.05094 -8.1436208e-07 
0.0045171564 -0.0022636608 -0.013786868 -0.0011388368 86.718446 -8.1435967e-07 
0.0088659064 -0.0022974632 -0.0057965451 0.0032450637 72.31486 -8.1436347e-07 
-0.0028683121 -0.002582258 -0.0086856144 0.0028162218 62.211596 -8.1436285e-07 
-0.00052797772 -0.0019016045 0.015633911 0.00097607102 -14.151606 -8.143588e-07 
-0.002983505 0.0013177102 -0.014145651 0.002803042 94.178136 -8.1436114e-07 
0.021995444 -0.00041247497 0.004547005 0.0028867391 85.135424 -8.1436056e-07 
0.009288678 -0.0012054172 -0.015994953 0.0011468272 1.4449241 -8.1435812e-07 
-0.019337598 -0.00041823939 -0.00097306122 0.003744283 -12.332208 -8.1436282e-07 
-0.0026210349 0.0028377995 -0.011027952 -0.0010577791 -32.54121 -8.143606e-07 
-0.0027055427 0.0029132381 0.0043871471 -0.0029178552 7.4970888 -8.1436385e-07 
-0.020363574 0.0019018692 0.0045416108 -0.0018670983 -79.514929 -8.1435976e-07 
-0.021515575 -0.00035471436 -0.010547327 0.0014499235 -101.13245 -8.1435795e-07 
0.0101878 0.0026920368 -0.0096304616 0.001128089 113.93252 -8.1436055e-07 
0.0059309226 0.0016961006 -0.011841123 -0.0030341283 -30.239679 -8.1436202e-07 
0.015675015 -0.00013195493 0.0048367504 -0.0041720672 47.674306 -8.1436412e-07 
-0.024088306 0.0011257751 0.0049662492 0.001465664 -78.141092 -8.1435824e-07 
-0.0071212679 -0.0027634154 -0.007284939 0.0023616539 117.79547 -8.1436243e-07 
-0.012164706 0.00062339461 -0.014272368 0.002478855 -80.314114 -8.1435948e-07 
-0.016556541 0.00023550608 0.0019774289 -0.0042103235 -56.123597 -8.143643e-07 
-0.0018507593 -0.0030870092 0.0037851255 -0.0024413263 -102.3391 -8.1436355e-07 
-0.011461448 0.0021476376 0.0071296767 -0.0030455985 -16.677173 -8.1436261e-07 
0.0088009644 -0.0026671018 0.010584041 0.0011375016 -51.290157 -8.1436052e-07 
0.0073481442 -0.00046172865 0.0070926324 0.004642232 -119.10825 -8.143659e-07 
0.011091573 -0.0010109229 0.0090372827 -0.0039174807 0.45537698 -8.1436342e-07 
0.014150486 -5.2430378e-06 0.013825145 -0.0023712368 -90.036093 -8.1435936e-07 
0.021113385 -0.0017593679 0.0075052215 -0.0010374544 119.7386 -8.1435865e-07 
-0.01500313 -0.0028821145 0.00026036598 0.0013982937 -17.087716 -8.1436124e-07 
0.018324926 -0.0020505274 -0.0091662906 -0.00071862416 -48.417984 -8.1435869e-07 
-0.012302298 0.00058573463 -0.014249257 0.0023784963 55.03703 -8.1435937e-07 
0.020499569 0.0002510188 -0.01187917 -0.0012498887 54.383825 -8.1435746e-07 
-0.010057876 0.0019905491 0.0019447706 -0.0038869664 -111.22351 -8.1436484e-07 
-0.0022794063 0.0016236631 -0.00045210118 0.0046486506 -32.946703 -8.1436714e-07 
0.016177612 -8.5739097e-06 -0.0092291362 0.0034236439 58.344603 -8.1436191e-07 
0.019530802 -0.0023400262 0.0038156261 0.0011130778 -16.602447 -8.1435979e-07 
0.0056589105 0.00037731966 0.018325335 3.7557314e-05 113.02444 -8.1435704e-07 
-0.0042159478 -0.0014640249 -0.014809962 0.0023489628 -43.330488 -8.1436025e-07 
0.020180121 0.00051078089 0.0062470047 0.0030741517 44.868095 -8.1436117e-07 
-0.018915258 -0.0017339552 0.0094054102 0.0012840582 110.7071 -8.143587e-07 
-0.01901114 0.00259872 -0.0025501683 0.00041528736 -37.767258 -8.1435969e-07 
0.020190119 0.0020546044 -0.0052162474 -0.0015064052 -14.546237 -8.1435972e-07 
-0.027051456 -0.00061642903 0.0024457529 0.00016123857 -98.616976 -8.1435727e-07 
-0.0070062429 0.0034290521 -0.0011104917 -0.00062442763 -79.589893 -8.1436201e-07 
-0.011730309 0.0031317615 -0.0047420702 -8.9949466e-06 -97.050413 -8.1436096e-07 
0.0059633534 0.00039446168 -0.0086756739 -0.0045406335 -26.273031 -8.143655e-07 
-0.012411854 -0.0016306087 -0.00011223871 0.004068642 28.673984 -8.1436507e-07 
0.021989224 0.0012140905 -0.0091801386 -0.00055516608 -1.5104678 -8.1435781e-07 
-0.025314622 -0.0014863094 -0.00025541323 -0.00014951043 -30.930281 -8.1435792e-07 
0.013145601 0.0019653558 -0.0069474222 -0.0030430307 -101.85714 -8.1436253e-07 
-0.00080670885 0.0024221604 -0.01387372 0.00056788149 -123.37038 -8.1435949e-07 
-0.0025850702 -0.0022393239 0.004269101 0.0039976376 -115.95139 -8.1436554e-07 
-0.01520308 0.001323395 0.010768778 -0.0025503162 -104.71056 -8.1436055e-07 
0.019635678 0.0018397901 0.0093577087 -0.00013331314 -7.2770105 -8.1435851e-07 
-0.018077708 -0.0025723881 0.0043859107 0.00062202281 -58.582331 -8.1435996e-07 
-0.010760394 -0.0014563743 0.0014192942 -0.0043603974 -118.89405 -8.1436575e-07 
0.014566094 -0.0016473186 -0.0033775255 -0.003780643 6.9616435 -8.1436385e-07 
-0.0049830641 0.0014232794 -0.016996439 -0.000221209 -39.628301 -8.1435776e-07 
0.0076060754 -0.0013194323 -0.012336314 0.0032127209 37.699893 -8.1436198e-07 
-0.018847706 0.00024565443 -0.0039673139 0.0036846424 -110.56959 -8.1436253e-07 
0.002684385 -0.0012278991 0.016944626 -0.0012832505 120.99074 -8.1435842e-07 
0.01096311 0.00043188847 -0.016956441 0.00076733183 -77.128835 -8.1435739e-07 
-0.017462617 0.00067794266 0.0089994589 0.0030574949 73.16713 -8.1436104e-07 
0.013893054 0.0028872476 -0.0051076583 -0.00051866127 -21.183804 -8.1436069e-07 
0.0011377198 -0.00092486472 -0.018048389 -0.00061228296 -82.632274 -8.1435752e-07 
-0.00032881439 -0.0013721389 -0.0026746246 -0.0048418483 111.03636 -8.1436734e-07 
0.02435708 -0.0013541924 -0.002527759 -0.001452846 49.314285 -8.1435861e-07 
-0.017504071 -0.00061802535 -0.013224395 0.0014807493 -18.722173 -8.1435796e-07 
-0.010525535 0.0014385194 0.0025589357 0.0043565077 96.865187 -8.1436563e-07 
-0.015433082 0.0019066634 -0.0052722102 -0.0030106613 91.110093 -8.1436212e-07 
-0.014105632 0.0013032117 -0.00078700998 0.0041057446 79.575316 -8.1436449e-07 
-0.00012019714 0.00063130818 -0.013291864 -0.0036459282 55.405121 -8.1436245e-07 
0.0091181443 0.00066727421 -0.009443236 -0.0041318603 17.132204 -8.1436414e-07 
-0.0010172828 -0.0014574669 -0.010940056 0.003728353 -47.162065 -8.1436362e-07 
0.017221526 0.000422511 -0.013175892 0.0017873711 -76.141732 -8.1435854e-07 
-0.017864113 -0.0010823072 0.011893679 0.00164157 15.678221 -8.1435844e-07 
-0.02534451 0.00079928424 0.0052852436 -0.00099771114 75.509489 -8.1435782e-07 
-0.000836147 -0.0031377582 -0.0082999183 -0.001167896 4.5833424 -8.1436162e-07 
-0.0039549271 -0.0025013844 -0.0049342771 0.0035566288 -26.119786 -8.1436466e-07 
0.0041292737 0.00066583509 -0.012233043 -0.0038721192 -78.377432 -8.1436323e-07 
0.016689097 0.0021880217 -0.0088707227 0.0011255163 113.92427 -8.1435941e-07 
0.0043022675 -0.0024152163 0.0081914028 -0.0030561048 4.6825281 -8.1436333e-07 
-0.019498758 -0.0015307563 0.0089192447 -0.0016381548 43.70232 -8.1435921e-07 
0.020309781 -0.0018067562 -0.0075476631 -0.0012872954 -106.79607 -8.1435906e-07 
0.010899597 -0.002192168 0.0088622608 -0.0027070474 43.385384 -8.1436199e-07 
0.025307283 -0.00018428152 -0.0061923063 -0.0012473418 84.159539 -8.1435753e-07 
-0.018410916 -0.0014777674 -0.010484203 0.0014526269 121.94478 -8.1435881e-07 
0.0049119857 -0.0019409358 0.0061181764 0.0040204928 -63.856619 -8.1436515e-07 
-0.014892153 -0.0018847534 0.0058774637 -0.0030869387 -2.7218269 -8.143625e-07 
-0.020586504 -0.0013553266 0.0081669391 0.0018473254 -31.838774 -8.1435906e-07 
0.027058129 0.00076624458 -0.00067635343 -5.7583857e-05 -101.11811 -8.1435729e-07 
-0.012930177 -0.0013291877 -0.001927639 0.0041961966 44.992304 -8.143648e-07 
-0.0036227502 -0.0025330944 -0.0042746907 -0.0035515745 -36.140418 -8.1436475e-07 
0.012373403 0.0017496863 -0.010738271 -0.0025997045 -74.047744 -8.1436106e-07 
0.01370001 0.0027688271 0.0072241641 -0.0010408049 14.656994 -8.1436029e-07 
0.0057597897 -0.0012491401 0.0051382284 -0.0046110771 3.6473979 -8.1436652e-07 
5.808309e-05 -0.00087036251 -0.018238527 0.0001562992 -60.446891 -8.1435718e-07 
0.026208806 -0.00058057495 -0.0047893101 0.00072303389 -32.449879 -8.1435745e-07 
-0.0069183677 -0.0028965466 0.0072192092 0.0018774031 85.977484 -8.1436184e-07 
-0.010883962 0.0010045621 -0.013413129 0.0027694838 -25.494323 -8.1436061e-07 
-0.0019901149 -0.0033791153 -0.0040007503 -0.0014895973 45.043813 -8.1436256e-07 
-0.017131619 0.0017609677 0.0098681819 -0.0017578903 49.720107 -8.1435954e-07 
-0.015477903 0.00014737794 -0.0044019692 0.0042270495 -18.390186 -8.1436418e-07 
-0.021306113 -0.0014563511 0.0087714279 -0.00071581867 73.29947 -8.1435796e-07 
0.010470804 0.0015473146 0.004252814 -0.0042103739 -53.026697 -8.1436524e-07 
0.021741391 0.00061526799 -0.0090207582 -0.0019071544 38.930314 -8.1435877e-07 
0.015202146 -0.0014512815 -0.0076280736 0.0032761111 63.714531 -8.1436231e-07 
-0.0046654192 -0.0018832349 0.0098533614 0.0034113279 -38.708598 -8.1436326e-07 
0.015493937 -0.0005034243 -0.0086581665 -0.0035975979 -26.525225 -8.1436246e-07 
0.011326849 0.0029887782 7.0359584e-06 0.0019982573 -102.49333 -8.1436246e-07 
-0.019221405 -0.0011075213 0.0028403792 0.0033859126 -21.618787 -8.1436202e-07 
0.014404264 0.00048002032 0.015029637 0.0014313104 -99.330564 -8.1435781e-07 
0.0033440371 -0.0013032331 0.0032050067 -0.0048074224 15.067976 -8.1436727e-07 
0.025414347 0.0002563448 0.0040068147 -0.001713781 -100.45211 -8.1435825e-07 
0.013112755 -0.0031874589 -0.00043522095 0.00072975845 -101.11648 -8.1436138e-07 
-0.015005363 -0.0016286601 -0.0077719794 -0.0030235136 91.301822 -8.143619e-07 
0.012102614 -0.00076232251 -0.010498297 0.0035774313 -79.005794 -8.1436254e-07 
0.0077724614 0.00033815076 0.0017084095 -0.0050444973 75.56054 -8.1436748e-07 
-0.0067374321 0.001287921 -0.01590405 -0.0016364341 60.214165 -8.1435868e-07 
0.023312466 -0.0012032853 -0.0074975648 0.00076737666 17.412139 -8.1435787e-07 
-0.00015459418 0.00032054928 0.011849724 0.004126565 123.71135 -8.1436389e-07 
-0.011489618 0.0030929461 0.00073698516 -0.0015580709 -70.106046 -8.1436195e-07 
-0.008040855 -0.0014123577 0.010668509 0.0035529286 18.339916 -8.1436301e-07 
0.01945286 -0.001321756 0.011542366 -0.00044468251 1.454274 -8.1435782e-07 
-0.020751448 -0.0011287194 0.0087958034 0.0017781571 46.268817 -8.1435879e-07 
0.0066241673 -0.002753169 0.0090790474 0.0017536086 119.85532 -8.1436163e-07 
-0.0087901385 -0.0034079933 -0.0017153544 0.00041082005 -96.623375 -8.1436162e-07 
-0.011492515 -0.0017900834 -0.012515412 0.0019564171 29.987428 -8.1435984e-07 
-0.0054069283 0.00041055856 -0.010763345 0.0042179476 -18.317373 -8.1436429e-07 
-0.017637637 -0.0018670208 -0.010796245 0.00045980187 -61.33541 -8.1435864e-07 
-0.016861455 0.00072616361 -0.0053226457 0.0037612197 -45.875812 -8.1436294e-07 
0.014166472 0.0013500175 0.010676963 0.0027905049 112.19111 -8.1436079e-07 
-0.0046369137 0.0022019953 0.010972021 -0.0027620684 -11.129671 -8.1436205e-07 
-0.013107639 0.0013601185 -0.0021477424 0.0041552585 -10.950418 -8.1436493e-07 
-0.024723967 0.0014752562 0.0036617072 -0.00049719655 25.321574 -8.1435786e-07 
0.0013877668 0.00049335467 0.0072755232 0.0048852593 72.940144 -8.1436659e-07 
-0.0065628922 -0.0011874434 -0.016834474 0.0010828217 33.546045 -8.1435814e-07 
-0.010280331 -0.0017699826 -0.014734296 0.00053236712 -90.75911 -8.143584e-07 
-0.004108768 0.0032193689 -0.0070880203 0.0010773553 104.26181 -8.1436159e-07 
-0.011389173 0.0022769847 0.012636779 0.00026932056 -96.120347 -8.1435908e-07 
0.023828806 -0.0013164304 -0.0051920258 0.0012401635 121.67546 -8.143584e-07 
0.018865821 -0.00029136749 0.0048524178 -0.0035665717 57.046945 -8.1436252e-07 
-0.0046192019 0.0017832638 -0.012388004 -0.0029412052 73.486978 -8.1436189e-07 
-0.01727258 0.0015662934 0.010269237 -0.0018579754 79.780126 -8.1435934e-07 
-0.0019845633 -0.0033294086 -0.0018599296 0.0017477861 -40.749188 -8.1436305e-07 
-0.022891674 0.00095907444 -0.0009928815 -0.0026770858 -12.711038 -8.1436008e-07 
0.022468631 0.0019680057 0.001089613 0.00090127314 -23.076765 -8.14359e-07 
-0.022536736 0.00039897418 -0.010178777 -0.00096636093 -104.14771 -8.1435752e-07 
0.00075090467 -0.0017184685 0.016652334 0.00022770492 62.865926 -8.1435813e-07 
0.016147765 -0.0019745394 -0.0091002879 -0.001851113 -122.04402 -8.1436019e-07 
0.015140254 9.1823121e-05 0.013395201 0.0023831669 35.535802 -8.1435927e-07 
-0.0099116457 -0.0031266584 -0.0026718754 -0.0016211121 35.942226 -8.1436202e-07 
0.015626151 -0.00099207557 -0.0062274172 0.0036995567 -73.468849 -8.1436306e-07 
0.0083474991 0.0033274938 -0.0029744878 -0.00097889937 -2.840114 -8.1436193e-07 
0.0084518731 -0.0025231497 -0.0066268117 -0.0028553635 -73.576048 -8.1436297e-07 
0.015661244 0.00063910098 -0.014463315 -0.0012861835 -89.593688 -8.1435785e-07 
-0.012922777 0.00065838129 0.0068440263 -0.0042137892 -101.43156 -8.1436419e-07 
-0.014838592 -0.0030638088 0.0035996084 0.00012160298 -85.349682 -8.1436048e-07 
0.010116522 0.0024615364 0.0079857613 0.0024889602 23.596021 -8.1436201e-07 
0.0090587077 0.0029610955 -0.0084578876 -0.00055930557 -28.653718 -8.1436057e-07 
0.017083621 -0.0018959778 -0.0036025439 -0.0028936301 80.026285 -8.1436193e-07 
0.00061517196 0.0025973068 0.013054292 0.00014670805 -64.590242 -8.1435975e-07 
-0.0046655144 0.002764278 0.0092929403 -0.002064345 -66.935588 -8.1436185e-07 
-0.0015887097 0.0010696427 -0.0032442405 -0.004968826 57.364116 -8.1436753e-07 
0.0091357194 0.0021926173 -0.012209367 -0.0015023318 -40.345262 -8.1436e-07 
0.0010043144 -2.9255562e-05 0.01381857 -0.0036641791 63.168515 -8.1436236e-07 
-0.018124904 0.002515078 9.8059116e-05 -0.0015432398 1.4605988 -8.143604e-07 
-0.0020214596 -0.003499696 -0.0040036086 0.0003611266 -39.60286 -8.1436207e-07 
-0.0012328532 -0.0019220003 -0.0031864018 0.0043722971 55.200429 -8.1436648e-07 
0.0085003836 0.0022799362 0.010221321 0.0024413628 -36.640324 -8.1436136e-07 
-0.0014427629 0.00097717791 -0.0044203142 0.0049524814 79.290103 -8.1436747e-07 
0.013008416 0.0011112421 0.0056302309 -0.0041158603 4.9530036 -8.143643e-07 
-0.010176098 -3.6122327e-05 -0.002606745 -0.004820589 57.901529 -8.1436678e-07 
0.0046752642 -0.0030665541 -0.0073990153 0.0017006341 -104.24583 -8.143621e-07 
0.010825086 0.00064929775 0.012020546 0.0033858824 40.027508 -8.1436201e-07 
0.0028492151 -0.0007701573 -0.0073868597 0.0046873949 -121.05535 -8.1436628e-07 
0.019887389 0.00036569803 -0.0092898261 -0.0025850607 -29.657207 -8.1435972e-07 
-0.0032790102 -0.0019865095 -0.0070699971 -0.0039149896 -76.504271 -8.1436476e-07 
-0.014429707 -0.00029775469 -0.0077718774 0.0039480815 53.691472 -8.1436331e-07 
0.014544255 0.0013611402 -0.011885821 0.0022658806 -40.594663 -8.1435982e-07 
-0.0075949899 0.00024973688 -0.01464729 0.0030098239 -3.1294708 -8.1436054e-07 
0.014508529 0.0021280061 0.00012823399 0.0032694487 -111.5441 -8.1436304e-07 
-0.0023588653 -0.0026035747 -0.0091581695 -0.0025366187 81.699714 -8.1436252e-07 
-0.011388297 -0.0026277956 0.010329851 7.2920132e-05 -102.19636 -8.1435988e-07 
-0.0025473426 -0.0022079485 0.013872945 -0.0014193438 -71.912393 -8.143598e-07 
0.0068697956 -0.0033437347 0.0021411171 -0.0013818876 78.509024 -8.143624e-07 
-0.0102816 -0.0026131719 0.001062177 -0.0030322541 -90.116007 -8.1436366e-07 
-0.019498981 -0.0016776456 0.0087410533 0.0014430744 -71.60155 -8.143591e-07 
-0.025742472 1.1110315e-05 -0.0064003258 0.00081816778 50.548465 -8.1435737e-07 
-0.0075124271 0.0022892342 -0.012936473 -0.0012880899 -44.552727 -8.143598e-07 
-0.00049181261 -0.0017881293 0.0060984608 -0.004284857 -89.374819 -8.1436592e-07 
0.011571135 0.0017284256 -0.0025835777 0.0040228634 -20.686032 -8.1436486e-07 
-0.0034622759 0.0025866743 0.0065442751 0.0031348156 12.934086 -8.1436361e-07 
-0.020753453 -0.00066716607 0.0076810277 0.0026572668 104.41563 -8.1435997e-07 
-0.013271697 0.0029880335 -0.0049860483 0.00021133399 56.588155 -8.1436065e-07 
-0.017664046 -0.00052006273 -0.0087561408 0.0031647723 -33.425301 -8.1436107e-07 
-0.02458316 0.0001573031 -0.0039826841 0.0021920896 -11.292958 -8.1435909e-07 
0.0060681734 -0.00273907 0.0062331094 -0.002718452 -69.853106 -8.1436293e-07 
-0.019982431 0.0019992405 -0.006621892 0.0010896272 -66.103113 -8.1435914e-07 
0.0087900515 -0.0026662934 0.0071751052 -0.0023973825 -107.77953 -8.1436234e-07 
-0.014845535 -0.00035010947 0.011294097 -0.0031026833 48.20645 -8.1436091e-07 
-0.00050281019 0.0012667362 -0.011999455 -0.0036433304 109.83667 -8.1436319e-07 
0.025480979 0.00062175969 -0.0064387571 -0.00061096209 12.669407 -8.143574e-07 
-0.020139121 -0.0018228145 -0.0055383069 -0.0019641899 -79.898585 -8.1435988e-07 
0.0083283897 -0.0029503817 -0.0017916516 0.0025460222 61.462988 -8.143632e-07 
0.0054437692 0.0031395828 0.0057350981 0.0017599898 58.738361 -8.1436223e-07 
0.02664707 -0.000861629 -0.0019854642 0.00055103978 -85.727203 -8.1435758e-07 
0.024092651 -0.001040046 -0.0063080563 0.0011250844 -54.247006 -8.1435783e-07 
0.0076449118 -0.0029261983 -0.0070908406 0.0017838912 84.613914 -8.1436182e-07 
-0.02102918 0.0012540062 0.0014296843 -0.0030136322 117.67822 -8.1436117e-07 
0.003676646 0.0025374884 -0.0023288548 0.0036813684 -85.021783 -8.1436496e-07 
0.015764144 0.0026155484 -0.0037186493 0.0016494542 -62.449042 -8.1436088e-07 
0.0082488165 0.0021859723 0.0059377404 0.0035799353 4.7980267 -8.1436397e-07 
-0.0095560205 0.00072116141 0.0082754345 -0.0043171018 20.570257 -8.1436455e-07 
-0.014154009 -0.0018323558 0.0052667016 -0.0033010951 -25.424118 -8.1436287e-07 
-0.015940448 8.5458548e-05 -0.014689884 -0.001291132 0.10638453 -8.143578e-07 
0.0075012768 -0.0025250977 -0.0065061698 -0.0029498878 -83.349305 -8.1436319e-07 
0.0013347833 -0.003554668 -0.0035059632 0.00032843615 80.01136 -8.1436202e-07 
-0.0048456815 0.00089279091 0.014161587 0.003141931 -7.4099324 -8.1436111e-07 
0.0065474226 0.0030722378 -0.00022032838 -0.002439435 -36.019343 -8.1436342e-07 
0.0047216435 -0.0012967601 -0.014348805 -0.0026782026 32.558871 -8.1436075e-07 
-0.014526439 0.00089661344 0.0037010875 -0.0042215076 -89.76381 -8.1436454e-07 
-0.021085596 -5.5013422e-05 0.01200454 0.00064675069 86.814113 -8.1435718e-07 
0.014730589 0.0012352719 0.00095504113 -0.0041147907 -40.03952 -8.1436443e-07 
-0.002107247 -0.0018587442 -0.011725397 0.0031474278 64.676028 -8.1436244e-07 
0.0023298306 0.00018087046 0.018604932 -0.00060509227 111.19221 -8.1435727e-07 
-0.0039970108 -0.0035514952 -0.00072214236 -0.00043004331 100.56542 -8.143621e-07 
-0.020062963 -0.0001285203 0.0090683964 0.0026429867 -11.067137 -8.1435977e-07 
-0.020229193 0.0022321446 0.0012313179 -0.0017012982 104.85724 -8.1436025e-07 
-0.016051757 0.00061781103 -0.0055172073 0.0039776715 -5.4652679 -8.1436333e-07 
-0.0073743795 -0.0018294128 -0.014866939 -0.0011054361 104.42045 -8.1435883e-07 
0.013249435 0.00060581633 -0.01508112 -0.0017118718 20.00013 -8.1435836e-07 
0.012157908 0.0029012964 0.0052281014 -0.001526695 38.914113 -8.1436134e-07 
-0.016635042 -0.00015729719 0.0083293386 0.0035418926 6.7418552 -8.1436196e-07 
-0.015419372 -0.0026128788 0.0050170481 -0.0017804246 -56.85027 -8.143611e-07 
-0.0037607511 2.6520319e-05 -0.010122463 -0.004412798 51.394915 -8.1436479e-07 
0.016323455 -0.00063381805 -0.0042346382 -0.0040540879 -86.810161 -8.1436362e-07 
0.019354655 -0.0017852696 0.0056947971 0.0021710328 -36.490505 -8.1436034e-07 
0.0096760879 0.0013695266 0.016254406 -7.4697148e-05 -29.42714 -8.1435788e-07 
-0.0059460333 0.00058617435 -0.0091069239 0.0043960379 -59.244829 -8.1436513e-07 
0.0036752093 0.0012372119 0.0044326361 0.0047018102 80.414176 -8.1436697e-07 
0.0023182642 0.0034826963 0.0018722584 0.00082349178 -20.093614 -8.1436248e-07 
-0.0077928482 0.0017809065 -0.0086360212 -0.003569379 88.093487 -8.1436359e-07 
0.00317616 0.0013182353 -0.017034145 0.00099654794 -13.160839 -8.1435804e-07 
0.02678017 0.00046341153 0.0041622593 -0.00016550572 115.47842 -8.1435727e-07 
-0.010389299 0.001773666 -0.013901918 0.0015345113 -70.110935 -8.1435931e-07 
0.010580002 -0.0032072906 -0.00077094007 0.0013111704 -4.0456763 -8.1436189e-07 
0.010867969 -0.0031729405 -0.0040888729 0.00050985435 8.3604565 -8.1436115e-07 
-0.0048959092 0.0027753501 0.0096232275 0.0018018318 -81.429567 -8.1436159e-07 
-0.0031371619 -0.001552251 -0.010128913 -0.0037840797 -89.783102 -8.1436383e-07 
0.018734506 -0.00069784031 -0.0031087651 0.0037083668 -37.187852 -8.1436269e-07 
-0.023639359 0.00012275256 -0.0064609627 -0.0021015655 -79.257063 -8.1435868e-07 
-0.021266661 -0.0014375442 0.0086024137 -0.0012994264 -116.65034 -8.1435851e-07 
-0.018090942 -0.0017117601 0.006382528 -0.0026566885 -74.352954 -8.1436094e-07 
-0.010422292 -0.00089077689 -0.015860674 0.0016007482 94.912813 -8.143585e-07 
-0.01056018 -0.0031123255 0.0040904011 0.0013504245 67.355823 -8.1436167e-07 
-0.012098026 0.0019728908 0.013077926 -0.0010430836 13.602108 -8.1435905e-07 
-0.025340138 -0.0010843126 -0.0020114289 -0.0014479917 109.80949 -8.1435819e-07 
-0.01616091 -0.0012109926 0.0082148436 0.0031493453 101.26619 -8.1436186e-07 
0.0078805701 -0.0023435942 0.0082598147 0.0029421426 37.948607 -8.143628e-07 
0.018556268 -0.00046643776 -0.012197859 -0.0018347977 96.375324 -8.143584e-07 
-0.013664 -0.0011307362 -0.011406226 0.0029566363 -88.077979 -8.1436084e-07 
-0.0020337006 0.00073745003 -0.0015755012 -0.0051516059 50.82127 -8.1436812e-07 
0.021631814 0.0019411153 -0.0032382986 -0.0014690066 9.2461152 -8.1435929e-07 
0.0037749845 -0.0026119332 0.010147929 -0.002186061 61.113417 -8.1436183e-07 
-0.015893394 -0.00077909581 0.004892062 -0.0039320416 58.625247 -8.1436361e-07 
-0.0024352925 0.0027259662 0.0057377651 -0.0031062715 -100.43893 -8.1436404e-07 
-0.0061221127 0.0013829993 0.016216318 -0.0013892179 61.863493 -8.1435855e-07 
0.0185802 0.0012936271 -0.0095590267 -0.0021391059 -110.08792 -8.143595e-07 
-0.022408669 0.00071019781 -0.010040289 -0.00081191882 9.6575868 -8.1435731e-07 
-0.0099370172 -0.0024993416 -0.0092761846 -0.0019362968 -2.802313 -8.1436123e-07 
0.0068511362 -0.0032127746 0.0027208825 0.0017860955 15.541178 -8.1436256e-07 
-0.0085008666 0.0017830671 -0.0047116895 -0.0040689796 -8.466425 -8.1436532e-07 
-0.00074530405 -0.0018978946 0.015674587 -0.00086793415 -95.189735 -8.1435891e-07 
0.015507843 -0.00035421966 0.01238981 0.0026483326 108.34727 -8.1435987e-07 
0.014420163 -0.0011276888 0.013479592 -0.0018233305 10.859943 -8.1435878e-07 
0.00885051 0.0013253068 -0.013747299 0.0025944225 114.70169 -8.1436046e-07 
-0.01512226 -0.0010744714 -0.00016761342 0.0041433862 20.962338 -8.1436465e-07 
-0.014095197 0.0011437137 -0.010816961 -0.002921218 -68.374973 -8.1436124e-07 
0.0032645822 0.0028419774 0.0023912227 -0.0031418801 76.635858 -8.1436442e-07 
-0.0023547284 0.0012811446 0.011957035 -0.0035584533 -29.883195 -8.1436311e-07 
-0.0043357704 0.0031643686 -0.0089025392 -0.00054720763 -26.324355 -8.1436121e-07 
-0.014276331 -0.0016797696 0.012405194 -0.0015903151 97.380251 -8.1435918e-07 
0.018411506 0.0016127274 0.0083059616 -0.0021224885 -39.804696 -8.1435982e-07 
0.0083454412 -0.0014026683 0.015501537 0.0015281579 122.79085 -8.1435888e-07 
-0.019666354 0.00065078016 0.0090562145 -0.0026115862 -82.330141 -8.143597e-07 
0.015314546 0.0024279551 -0.0056731361 -0.002095466 -41.20874 -8.1436106e-07 
-0.0024650813 -6.3250825e-05 -0.018753817 2.7576955e-05 -35.470011 -8.1435707e-07 
-0.0047823535 0.0031806491 -0.0080455826 -0.00044459659 -106.49768 -8.1436119e-07 
-0.017680804 -0.00031473225 -0.0096781325 0.0030236901 6.3374732 -8.1436082e-07 
0.025583547 0.00082091041 -0.0058224028 0.00011437314 85.040482 -8.1435737e-07 
0.017288223 0.0012665229 -0.012030764 -0.001548977 19.691926 -8.1435863e-07 
-0.0060997149 0.00075524599 -0.0058687259 0.004862841 -10.38871 -8.1436643e-07 
0.0096150046 -0.0026564422 0.0028630193 0.0028841135 89.338767 -8.1436348e-07 
-0.018053054 0.001423996 -0.0073459339 -0.0027294754 44.969357 -8.1436076e-07 
-0.022043494 -0.00080973115 -0.0026704701 0.0028559121 9.0684294 -8.1436056e-07 
-0.00058198789 1.7830081e-05 -0.016973736 -0.0023131013 -101.88564 -8.1435916e-07 
0.013961872 0.00038804664 -0.0032192676 -0.0044698685 -78.92316 -8.1436505e-07 
0.023139548 0.00033336866 0.0091805462 0.0013090066 -91.74658 -8.1435781e-07 
0.0079473556 -0.0020083657 -0.0062620939 -0.0037152154 103.09714 -8.1436426e-07 
-0.0013084624 0.00047011929 -0.014457465 -0.0033329214 25.419721 -8.1436146e-07 
-0.024270501 -0.00080348142 -0.0081213162 0.00042356387 105.73263 -8.1435745e-07 
-0.00023243724 -0.0031284171 0.0029901256 -0.0024226453 18.017279 -8.1436346e-07 
0.0006269125 -0.0020240605 0.012670634 0.0024814211 83.621014 -8.1436134e-07 
-0.014336857 0.0030249217 -0.0027287299 -0.00011925635 94.802127 -8.143607e-07 
-0.02082229 -0.0015012495 -0.0028325107 0.0025358602 56.379854 -8.1436066e-07 
-0.0014421915 0.0014133446 0.0019932964 0.0049245679 7.049565 -8.1436737e-07 
0.018991496 -0.0015702011 0.005688194 -0.0026066765 -79.356701 -8.1436072e-07 
-0.017967556 -0.002459941 0.0053686551 0.0010717124 31.297864 -8.1435974e-07 
-0.0039227333 -0.0020461603 -0.010142888 0.0032451271 -48.139946 -8.1436298e-07 
-0.016661469 -0.00090394254 -0.014284787 2.4572384e-05 58.418 -8.1435734e-07 
-0.014429183 0.0019150467 -0.0017178671 -0.0034976805 108.52258 -8.1436358e-07 
0.021236442 -0.0013119895 -0.0081901303 -0.0016653177 95.159819 -8.1435876e-07 
0.021545434 0.0014592935 0.00013355089 0.0025949707 -76.502407 -8.1436041e-07 
-0.02262007 0.00051353785 -0.0044417882 -0.0027860846 -68.395643 -8.1436012e-07 
-0.016620175 -0.0020215912 -0.0082560821 -0.0019289546 -19.032253 -8.1436005e-07 
0.0045957352 -0.0018041098 -0.013284904 -0.0025030746 38.192433 -8.1436108e-07 
-0.0064758077 -0.001068278 0.017386676 -0.00041470242 32.934634 -8.1435739e-07 
-0.0019869487 0.0033211884 -0.0010867369 0.0020044048 -37.280515 -8.1436297e-07 
-0.0034359327 0.0033405931 0.0065087665 -0.00013052315 51.072987 -8.1436146e-07 
-0.015640653 -0.0027806997 -0.00064350307 -0.001630172 -18.793309 -8.1436121e-07 
-0.014391347 -0.002215973 0.0069751506 0.0024649978 -45.153845 -8.1436136e-07 
0.006923654 0.0034304054 -0.00092803776 0.0005124531 90.638289 -8.1436192e-07 
0.021193979 -0.00087066929 -0.011216428 1.3634045e-05 83.272826 -8.1435724e-07 
-0.0015371731 -0.0023137148 -0.010946607 -0.0025177543 63.875158 -8.1436175e-07 
0.0024245644 -0.0025468807 0.010005946 -0.002433972 -63.145041 -8.1436195e-07 
0.014129825 0.0019648291 0.0090385757 -0.002428456 -122.3853 -8.1436102e-07 
0.023219713 0.00092690896 -0.0078062529 -0.0012936275 -71.982929 -8.1435809e-07 
-0.0144537 0.0028250644 -0.006514516 -0.00037953939 72.266942 -8.1436022e-07 
-0.010213417 -0.00053539644 0.017183404 0.00044846185 1.1266432 -8.1435728e-07 
0.026021544 0.00022635777 0.00071660492 0.0017600162 7.9767981 -8.1435828e-07 
-0.023243822 -0.00097199329 0.0083610235 -0.00080623571 81.165876 -8.1435776e-07 
0.00071808731 -0.0020513395 -0.0077860408 0.0037962933 103.02275 -8.143645e-07 
-0.00086889848 -0.001562303 0.015879251 0.0015938556 -90.195375 -8.1435923e-07 
-0.013331068 0.0004985954 -0.00083056767 0.0045917926 69.301638 -8.1436571e-07 
0.019327234 -0.001314177 0.0042596131 0.0029761092 43.624674 -8.1436133e-07 
-0.011767248 0.0025499814 -0.00024983046 0.0029915329 -69.510202 -8.1436334e-07 
-0.013554693 0.0018172359 -0.004093481 0.0035568141 90.205143 -8.1436365e-07 
-0.010579189 0.0018691145 -0.005069934 -0.0038325567 61.030379 -8.1436457e-07 
0.0035024033 -0.0014606993 -0.0074704805 0.0042690272 120.73924 -8.1436559e-07 
-0.015662008 -0.0016942476 -0.0064000661 -0.0030673913 -100.94308 -8.1436196e-07 
-0.01222709 0.0014227842 0.012863708 -0.0022896871 -123.34778 -8.1435992e-07 
-0.019171119 0.0018923588 -0.0093881827 -7.1743911e-05 -88.356774 -8.1435834e-07 
0.017844747 -0.0022808008 -0.0060666153 0.0015508426 12.570641 -8.1436017e-07 
-0.0028981738 0.00054568481 0.01659654 -0.0023193442 81.969484 -8.143594e-07 
-0.0017958225 -0.002029347 0.012493387 -0.0025700697 -78.807256 -8.1436119e-07 
-0.015606906 -0.0023561546 0.0047513525 0.0022747728 -9.6855107 -8.1436136e-07 
-0.006477474 -0.0034024933 0.0040884885 -0.00030766292 -105.90974 -8.1436175e-07 
-0.01854894 -0.00061348835 0.0060171533 0.0035284275 -86.175603 -8.1436215e-07 
0.0024032929 -0.0027162786 -0.0038455713 0.0032306019 -65.528646 -8.1436427e-07 
0.0088996537 0.00070100849 0.016266114 -0.0017973601 -117.43253 -8.1435851e-07 
-0.021475282 -0.00048230429 -0.002151921 -0.0032363316 -9.9851857 -8.1436124e-07 
-0.015903642 -0.00069109783 0.0070263514 0.0037589525 62.505194 -8.1436273e-07 
-0.023509092 -0.00028056496 0.0057386519 0.0022232003 111.88555 -8.1435905e-07 
0.0028151104 0.0020040477 -0.0038825806 0.004228046 -106.0704 -8.143659e-07 
0.0063880485 0.00015693262 0.016328757 0.0023379699 -105.79871 -8.143591e-07 
0.0045560966 0.0008941476 0.013931839 0.0031824981 102.47691 -8.1436169e-07 
0.025339743 0.001331777 -0.0032737114 -0.00038506726 102.06061 -8.1435787e-07 
-0.018684961 -0.0015876029 0.0099665733 0.0013970115 71.107331 -8.1435883e-07 
0.0041170374 0.0017252089 -0.0089459134 -0.0038585997 -79.837963 -8.1436418e-07 
-0.022061445 -0.0013955995 -0.0061638787 0.0017739182 -121.67883 -8.1435902e-07 
0.0018316854 -0.0014659911 0.0068140896 -0.0043977738 -43.155355 -8.1436575e-07 
-0.016509689 0.0022156767 0.0087613606 -0.0013652612 -22.918817 -8.1435969e-07 
0.0096775597 0.002080226 0.010818941 -0.002422542 -92.900324 -8.1436114e-07 
-0.0077778556 -0.00038483531 -0.015777248 0.0024761047 -93.968847 -8.1435952e-07 
-0.010379715 -0.003390501 -0.0021517811 0.00051978233 69.463578 -8.1436168e-07 
0.021159403 -0.0013959158 -0.009076831 -0.0011635176 -68.119243 -8.1435818e-07 
0.022497359 -0.00156156 -0.0059370352 -0.0011286348 54.582165 -8.1435867e-07 
-0.0060255904 0.00030464526 -0.017073573 -0.0018240176 15.986624 -8.1435842e-07 
0.00078101132 -0.003010931 0.0090175189 0.0015398186 -85.163872 -8.1436173e-07 
-0.011932264 0.0026631551 0.0083171842 0.0015252194 56.079707 -8.1436065e-07 
0.00082502654 0.00049562158 -0.018556001 -0.00049936102 16.257754 -8.1435719e-07 
0.0014649132 0.0032719331 0.00041971792 -0.0020442669 -5.1911294 -8.1436326e-07 
0.0043973367 0.0025585005 0.012965874 -0.00021200701 -48.111145 -8.1435965e-07 
