27.4055  -2.28924  31.0978  -2.61028  -1.70961  0.00062188
27.5514  -2.26567  30.9032  -2.50501  0.716858  0.000156987
30.9412  -2.19162  31.5076  -2.46694  1.09667  0.00204351
26.1879  -2.41892  29.3998  -2.82778  -0.588942  -0.000568139
25.8951  -2.55647  28.1367  -2.61039  1.11766  -0.00152107
25.7994  -2.61607  25.7898  -2.45355  0.844615  -0.00212418
30.2799  -2.23634  29.9189  -2.24266  0.987184  0.00214268
28.8793  -2.25643  28.8474  -2.55524  -1.88453  7.97188e-06
28.2583  -2.33444  29.316  -2.56618  0.155728  0.000733539
25.6551  -2.28998  27.5763  -2.56949  0.301983  -0.00209095
28.4902  -2.37924  27.4995  -2.44499  -1.89627  0.000929975
27.6862  -2.13286  28.7707  -2.46168  -1.08984  0.000544204
24.0827  -2.51698  26.8009  -2.72755  -1.98032  -0.00167754
28.2611  -2.30527  28.8225  -2.62268  -1.47685  0.000625741
26.3789  -2.38125  31.3152  -2.65289  1.43102  -0.000497116
29.6953  -2.2889  32.575  -2.53421  0.877981  0.0011906
30.5299  -2.25222  30.8969  -2.55621  -0.309239  0.0017209
26.9993  -2.272  29.8803  -2.39142  -1.41315  -0.00208387
26.0441  -2.06061  30.0505  -2.34577  -0.200745  0.00120627
26.489  -2.56389  28.5998  -2.46826  1.71273  0.000289374
25.279  -2.49337  27.4946  -2.46189  -1.04537  -0.00145512
29.4759  -2.16388  30.2609  -2.40954  -0.89268  0.00171577
26.6632  -2.31951  32.7667  -2.43986  0.751547  0.000966825
27.2432  -2.21993  29.9217  -2.46251  -1.5687  0.00275946
27.7348  -2.26297  28.1104  -2.65098  0.762318  0.000394326
26.3472  -2.29675  28.3954  -2.67806  1.90821  -0.000609115
25.7373  -2.1495  29.9165  -2.54623  1.28347  0.00130905
27.3182  -2.22161  29.479  -2.34142  -2.0903  -0.000404268
31.2165  -2.3248  29.5357  -2.48088  0.950978  0.0016347
26.4674  -2.34578  32.2951  -2.55929  2.08974  0.00124764
27.1088  -2.36804  32.6465  -2.64193  -0.46295  0.00198407
29.6796  -2.20369  30.9161  -2.33479  0.421429  0.00210581
28.5327  -2.29977  26.8547  -2.64826  0.0612997  -0.000896076
24.0472  -2.49169  30.757  -2.61227  -0.463931  -0.00199712
29.0603  -2.45664  29.976  -2.62873  2.04409  -0.000154896
23.9531  -2.37635  27.0913  -2.35436  -1.43227  -0.00161122
28.5448  -2.33939  30.9846  -2.5374  0.894345  -0.000332279
27.3824  -2.28162  29.5942  -2.65226  -0.756717  -0.00074636
26.2012  -2.17316  28.396  -2.60271  -1.03019  -0.000598887
27.9083  -2.29879  27.7551  -2.50347  0.369146  -0.000595799
25.9315  -2.44216  29.9364  -2.38529  0.0727304  -0.000992581
26.9934  -2.17648  29.8067  -2.3073  -0.713609  0.000224604
29.3542  -2.37917  30.6649  -2.40362  1.50672  0.0027231
25.465  -2.14566  30.7218  -2.59001  -1.4655  0.00137787
27.2358  -2.22693  27.9198  -2.43966  0.870632  -1.97807e-05
27.0289  -2.26748  29.9242  -2.69642  0.119996  -0.00039187
28.0785  -2.19789  27.8536  -2.47738  0.756371  4.92917e-05
27.2596  -2.6137  27.2409  -2.52172  0.780006  -0.000451074
28.1597  -2.55128  27.4203  -2.38265  0.370039  -0.00100445
25.4349  -2.30554  26.3388  -2.75216  1.39928  -0.00175477
27.0291  -2.15495  27.8763  -2.55891  -0.923084  -0.000499207
26.1815  -2.20834  31.7887  -2.5615  -1.46615  0.0017398
26.8071  -2.5401  29.0189  -2.7194  -1.56606  -0.000876548
26.1685  -2.29301  28.6028  -2.4953  1.41818  -0.002214
27.7896  -2.26362  26.1192  -2.42442  -1.60537  -0.000786959
27.4231  -2.34094  29.4926  -2.7898  -1.57639  -2.5931e-05
26.8318  -2.12672  33.7905  -2.40106  -0.514685  0.00220967
26.3738  -2.2026  28.5669  -2.44431  -0.26605  -0.000209691
30.0642  -2.37165  30.9157  -2.38904  -1.35847  0.00153141
25.3947  -2.18643  30.3139  -2.60837  -1.96986  -0.000385202
27.4461  -2.11977  30.2719  -2.37147  1.04344  0.000828283
27.7633  -2.4353  29.1023  -2.36807  -0.715786  -0.000217616
26.8359  -2.31651  30.0274  -2.48836  -1.02628  -8.8751e-05
26.4943  -2.488  26.0117  -2.48101  1.94989  -0.00314144
25.9353  -2.14328  30.3716  -2.31798  -2.0193  0.000164937
26.377  -2.27123  28.1809  -2.58789  -1.37505  -0.00165577
23.7087  -2.26682  27.5428  -2.50049  0.489934  -0.0016696
28.3098  -2.31041  27.5835  -2.53351  -0.989655  -0.000274348
29.9413  -2.30987  29.8211  -2.60541  -0.88146  0.00110273
29.2147  -2.32509  29.0516  -2.71655  -1.08708  -8.07427e-05
27.7814  -2.08112  28.4867  -2.31024  1.94146  1.20174e-05
27.154  -2.13855  31.0412  -2.69981  0.44198  0.000536756
24.4667  -2.40946  30.8545  -2.51971  0.689877  6.06357e-05
29.1689  -2.29003  30.6179  -2.5177  1.08133  0.000583581
26.2786  -2.41754  30.4408  -2.36714  1.79726  0.000525388
26.2954  -2.40156  29.5406  -2.72396  -1.12239  0.000251558
28.2162  -2.3853  30.262  -2.53774  1.99855  0.000694407
28.1279  -2.43886  31.2377  -2.30664  -0.134056  0.000488374
28.5894  -2.48109  29.2196  -2.58236  1.34496  0.00135198
30.2754  -2.04053  34.7971  -2.6304  -0.27051  0.00349961
29.7293  -2.52048  30.4889  -2.59804  1.09717  0.00219047
27.1785  -2.45282  27.7199  -2.42809  1.75714  -0.00114823
28.1398  -2.46934  28.4767  -2.55074  0.071243  -0.000396399
27.2739  -2.08174  30.6223  -2.73644  0.359831  0.000660487
26.5097  -2.26532  27.3959  -2.42825  -0.0368991  -0.00177499
30.7531  -2.4741  30.5115  -2.38754  0.698311  0.00180725
24.3432  -2.35441  30.2028  -2.5259  -0.386018  -0.00143788
26.6039  -2.36135  29.299  -2.51422  1.3873  0.000412052
26.5764  -2.30992  27.749  -2.39231  1.83613  -0.000360499
26.7189  -2.19518  30.675  -2.61439  -0.291289  2.71405e-05
26.0856  -2.34642  32.3946  -2.50934  -0.55009  -0.00046938
28.2443  -2.07404  29.503  -2.32772  -0.676423  5.32258e-05
25.684  -2.59565  26.0516  -2.61145  -0.0602576  -0.00153394
27.7719  -2.1912  31.4125  -2.47575  1.34474  0.000815237
26.483  -2.15234  30.4539  -2.55143  0.299457  0.000555337
26.3611  -2.45503  28.4052  -2.37627  -1.84273  0.000402026
27.7721  -2.26428  31.0463  -2.4718  0.107207  0.000477657
23.1401  -2.3998  27.9485  -2.60189  1.60909  -0.00207914
27.5068  -2.37791  30.8969  -2.6314  0.0810036  9.59304e-05
29.412  -2.38894  29.6178  -2.41313  -0.349107  0.00079737
26.8176  -2.41866  30.2409  -2.42598  0.335528  -0.00109612
25.8578  -2.20136  28.0082  -2.37622  1.51476  8.63978e-05
26.0714  -2.34601  28.9009  -2.6006  1.5864  -0.00146156
26.946  -2.3717  27.3292  -2.5691  -0.0563685  -0.000263968
26.2441  -2.43278  26.8459  -2.56606  -0.38383  -0.000849374
25.2051  -2.59133  28.0002  -2.58263  -0.550472  -0.00180001
29.989  -2.08727  32.2846  -2.48404  -0.494872  0.00239871
27.9521  -2.22192  31.0977  -2.39558  0.419341  0.000203332
26.7611  -2.157  30.973  -2.62561  0.614134  -0.000496372
26.9636  -2.38926  30.8678  -2.38121  0.698704  0.000360611
24.2599  -2.5698  26.1723  -2.42331  1.48657  -0.00252501
27.393  -2.35075  27.3195  -2.48479  -1.88857  -0.0020993
26.7578  -2.08082  32.1447  -2.51031  -0.752084  0.000883173
26.0803  -2.41517  27.2381  -2.47673  -0.174728  -0.0011074
24.8951  -2.36631  27.5974  -2.56482  1.43256  0.000322811
29.3133  -2.11217  30.8283  -2.25344  1.3381  0.000482167
26.868  -2.42777  29.0737  -2.49166  2.02025  -0.00123588
26.3385  -2.30473  28.4175  -2.45026  0.692722  -0.000243853
26.2765  -2.22362  30.0785  -2.46345  -1.33602  0.000827958
30.0139  -2.41126  28.5148  -2.29246  0.144177  0.00238615
26.9292  -2.45929  32.1694  -2.48678  0.109653  0.000122287
27.6094  -2.15455  31.3142  -2.34923  -0.242997  0.00200232
28.9147  -2.38563  30.6896  -2.63  0.919668  0.00130871
29.8564  -2.04585  29.4357  -2.34397  1.48594  0.00179677
26.8908  -2.29058  29.0425  -2.46866  0.676383  -0.000153584
29.3256  -2.33065  31.9131  -2.63187  -2.07216  0.0015083
26.9431  -2.31432  29.8839  -2.52683  -0.240096  -0.00019127
26.1321  -2.09984  31.5675  -2.44155  0.289488  0.00123875
26.1427  -2.25563  26.0004  -2.36031  -1.35361  -0.00205649
28.1417  -2.3054  28.8281  -2.48814  1.93314  -0.000239543
28.3728  -2.13496  29.7753  -2.77088  -2.06514  0.000219755
29.7884  -2.48745  31.5703  -2.72554  0.956615  -0.00022641
29.4166  -2.21913  33.3609  -2.49713  -2.00219  0.00282875
26.6042  -2.43766  29.2604  -2.53872  0.619553  0.000939443
27.0922  -2.43011  30.4532  -2.48399  0.332891  -0.000447675
24.9263  -2.31831  30.5503  -2.70387  -1.40362  -0.00144731
28.1331  -2.29552  31.9399  -2.52727  1.14305  0.00169596
29.4921  -2.24971  31.5148  -2.45215  -1.52071  0.000775399
26.9545  -2.30862  29.8131  -2.33959  1.04826  -0.000327283
25.7577  -2.2672  29.3536  -2.59071  -1.43484  -0.00141386
26.0262  -2.43546  29.1136  -2.44786  -0.446018  -0.000255346
27.8757  -2.32483  30.9718  -2.40129  1.45938  0.00156456
27.4002  -2.39658  29.1627  -2.3533  -0.980679  0.00213239
28.0126  -2.50707  29.1063  -2.51315  -0.261664  -0.00135343
25.2595  -2.62719  25.6554  -2.68539  -0.616981  -0.00184675
28.7989  -2.18372  29.0169  -2.78478  -1.45542  0.000192057
27.4558  -2.36643  32.238  -2.60752  -2.0211  0.00153755
27.3724  -2.54904  26.9679  -2.60983  -1.64049  -0.0014588
29.1552  -2.45734  34.5254  -2.43403  -1.14316  0.00348515
26.8256  -2.47386  26.5201  -2.64901  -0.359446  -0.00292662
26.2409  -2.24552  26.9564  -2.35858  2.04055  -0.000431913
27.5435  -2.49607  29.8124  -2.6208  1.02506  -0.000563204
25.288  -2.05756  28.7365  -2.34001  1.98884  -0.00157852
25.4786  -2.48402  29.2482  -2.54485  -1.00886  -6.31426e-05
27.5387  -2.35118  27.7003  -2.4533  1.24808  -0.000324885
25.5332  -2.27107  30.1019  -2.60937  0.0569993  -0.000446834
25.6196  -2.33966  28.9832  -2.64623  0.792513  -0.000222575
32.2168  -2.53425  27.1741  -2.58309  1.67317  -0.000743388
27.7632  -2.27657  28.4399  -2.47642  -1.52123  0.000895026
28.8981  -2.22253  30.6983  -2.55706  -2.09377  0.000731214
26.5605  -2.5362  28.1149  -2.57425  -1.25993  -0.00096389
29.139  -2.30045  29.4551  -2.48204  2.09023  0.000525191
25.5496  -2.2394  29.7026  -2.41899  -0.37911  -0.000989208
25.8824  -2.32614  30.1071  -2.54647  -0.761056  0.00128832
26.4262  -2.21746  30.9686  -2.38828  0.476991  0.000354299
27.9894  -2.44563  29.8632  -2.36721  0.232355  7.37116e-06
27.8204  -2.29522  31.1862  -2.58913  0.453085  -0.000629819
30.644  -2.17449  28.6925  -2.60579  1.02048  0.00237127
25.1884  -2.45228  29.8253  -2.50357  0.775545  0.000182675
26.9581  -2.4792  28.6123  -2.70703  1.98272  -0.000625576
25.6836  -2.28165  29.4381  -2.41137  0.133531  -5.70431e-07
28.1287  -2.13626  31.3681  -2.56644  -1.26326  0.00115915
30.153  -2.48887  30.0726  -2.55716  0.927565  0.000836982
29.7665  -2.24569  27.9667  -2.61332  1.316  0.00036572
30.5169  -1.99385  31.9521  -2.64096  -0.753243  0.00335434
29.2915  -2.383  32.2507  -2.4178  0.63616  0.000973864
25.8673  -2.46375  28.9902  -2.47916  1.7642  -0.00108077
29.213  -2.34524  30.8237  -2.35918  -1.06817  0.00260596
24.8912  -2.60097  29.7373  -2.47989  0.412825  -0.00287616
24.711  -2.2513  27.7964  -2.52489  1.83115  -0.00262969
29.0177  -2.39742  27.8478  -2.69293  -0.0539139  -0.000298879
24.13  -2.38889  30.6256  -2.5198  -1.70948  -0.00168703
26.0303  -2.27584  30.7884  -2.67862  -1.37169  -0.000274399
27.0059  -2.16204  30.5452  -2.29105  0.270481  0.00253719
28.0451  -2.29678  30.0472  -2.65181  -0.695549  -0.00179204
26.2961  -2.35384  29.308  -2.74113  -0.689881  -0.00089423
25.1793  -2.44918  29.1409  -2.43748  -1.50472  -0.00246771
23.3498  -2.56736  27.8791  -2.48806  -0.908908  -0.00199824
24.6958  -2.25052  27.6746  -2.30669  -1.91831  -0.000677733
26.0244  -2.4834  29.2296  -2.55582  2.06244  -0.00256448
28.9242  -2.19556  31.648  -2.48211  2.03187  0.00218325
28.5616  -2.39713  32.171  -2.4087  -1.86649  0.00211238
25.8728  -2.31564  30.0696  -2.43792  1.99003  0.0016685
28.5768  -2.32564  29.8949  -2.6047  -1.00057  0.000858279
25.8045  -2.38324  30.5326  -2.50109  -0.00197189  0.0013181
27.7523  -2.47142  29.7354  -2.59779  -0.254856  0.000919569
28.4166  -2.32833  29.249  -2.8241  -1.13641  -0.000541561
28.243  -2.18253  29.4227  -2.49738  0.0923256  0.000541824
26.8062  -2.54755  28.0075  -2.57336  1.9666  0.000978597
26.233  -2.27234  29.323  -2.54317  1.28409  0.000831657
27.4344  -2.4089  31.2245  -2.452  -0.52275  0.00127291
24.5166  -2.26606  27.6859  -2.30678  1.22952  -0.00111372
24.8242  -2.44043  28.6554  -2.42536  -1.21275  -0.00197043
27.9674  -2.21614  29.6605  -2.25629  -0.376855  -0.000285776
28.8353  -1.96634  31.7491  -2.29983  0.66452  0.00143469
28.2017  -2.50673  28.4622  -2.78521  -0.512707  -0.0013077
29.4632  -2.06532  29.5744  -2.416  -1.41896  0.00195133
27.0231  -2.50412  30.7308  -2.65329  1.29057  0.00115507
23.5272  -2.49518  28.875  -2.53297  0.377208  -0.00197467
29.7883  -2.22798  32.518  -2.62074  0.319786  0.0015806
28.8244  -2.04982  32.7053  -2.27062  -1.37215  0.00261958
26.4109  -2.20428  29.479  -2.40563  0.208707  3.10971e-05
27.2169  -2.37917  29.7179  -2.50265  0.759668  -1.06945e-05
26.6672  -2.28445  29.7669  -2.36565  0.428002  -0.000766988
28.0812  -2.1515  29.627  -2.7165  -0.86852  0.00118172
28.0177  -2.46146  28.7226  -2.60119  -1.05886  -0.000840272
23.6547  -2.50583  25.9156  -2.79194  0.835786  -0.00238325
28.3402  -2.10608  28.5339  -2.66626  -1.91265  0.000184186
24.7718  -2.23825  29.3859  -2.28556  0.0714705  0.000120273
26.4285  -2.44225  31.2548  -2.60543  -1.71089  0.00152914
25.9321  -2.41257  30.1183  -2.50289  -1.55068  0.00158834
27.2262  -2.21211  28.6417  -2.48649  -1.22606  -0.000357204
28.9365  -2.32783  29.5843  -2.32388  1.16011  0.000500977
30.5224  -2.17998  32.2619  -2.38358  1.99923  0.0036294
27.834  -2.49437  29.616  -2.42799  1.9815  0.00036276
27.5086  -2.23108  31.8614  -2.43659  -1.04595  0.00188086
30.6058  -2.15254  31.3861  -2.5533  -2.01134  0.00299021
27.3046  -2.37799  28.8961  -2.72216  -1.7309  0.000281369
29.0819  -2.53477  29.52  -2.58665  -0.296827  0.000627079
29.2784  -2.30514  29.5912  -2.56345  0.40421  0.00112534
28.4947  -2.47919  30.1044  -2.56859  1.32878  0.00119431
26.2951  -2.34901  30.7363  -2.51436  1.01241  0.00163172
27.1129  -2.28163  26.1834  -2.54152  -0.201552  -0.00201652
24.2614  -2.3344  27.3733  -2.62201  1.51554  -0.00179944
25.9091  -2.43526  28.9994  -2.54006  0.52514  0.00056633
26.2482  -2.248  28.1836  -2.5708  0.538529  -0.002723
26.3349  -2.30998  28.7525  -2.47244  -1.00881  -0.00157192
24.8468  -2.26523  31.6289  -2.52511  0.514665  -0.000171938
25.9423  -2.51859  26.1594  -2.60393  0.590164  -0.0025714
28.3047  -2.24602  30.3517  -2.51896  -0.927422  -5.84445e-05
26.7068  -2.28879  29.6411  -2.5532  0.551629  0.000850082
28.2341  -2.34777  31.2523  -2.55589  -1.1865  8.21071e-05
30.5801  -2.23564  30.3637  -2.51224  0.185284  0.00214078
29.6728  -2.23031  32.1167  -2.47647  1.1243  0.00232152
28.9321  -2.32679  32.128  -2.55655  -1.21102  0.00237704
27.1517  -2.24042  29.0004  -2.24974  -0.806168  2.57693e-06
29.8452  -2.22195  27.6191  -2.5194  -0.607456  0.00145846
27.2807  -2.60121  28.6836  -2.52388  1.13414  -0.000703435
23.97  -2.27235  28.8824  -2.29732  -0.247567  -0.00121148
25.7213  -2.48012  28.2603  -2.41033  1.81488  -0.000773866
29.3029  -2.1014  30.7939  -2.41255  -1.40359  0.000713229
25.2701  -2.59188  27.2527  -2.55589  -0.231456  -0.00118506
28.4675  -2.3415  30.7375  -2.60519  -2.0013  -0.00017171
27.7574  -2.40288  26.43  -2.53598  -1.47129  -0.0012093
26.8776  -2.16558  31.4643  -2.21723  -1.37684  0.00221559
25.3754  -2.2959  29.939  -2.62727  -0.245758  0.00039538
28.3679  -2.1351  29.7377  -2.37823  0.988513  0.000796239
28.8638  -2.11462  28.3037  -2.50709  -1.32227  0.000222666
27.3022  -2.15653  27.0114  -2.64319  1.55786  -0.000463938
26.0047  -2.19972  32.2769  -2.68065  0.651707  -6.72809e-05
